# callgrind format
version: 1
creator: callgrind-3.15.0
pid: 545342
cmd:  ./aleVal
part: 1


desc: I1 cache: 
desc: D1 cache: 
desc: LL cache: 

desc: Timerange: Basic block 0 - 372614
desc: Trigger: Program termination

positions: line
events: Ir
summary: 2389454


ob=(8) /home/user/supercompRodrigoNigri/Projeto/aleatoria/aleVal
fl=(161) /usr/include/c++/9/bits/vector.tcc
fn=(1218) void std::vector<int, std::allocator<int> >::_M_realloc_insert<int>(__gnu_cxx::__normal_iterator<int*, std::vector<int, std::allocator<int> > >, int&&)
426 6
fi=(162) /usr/include/c++/9/bits/stl_vector.h
1755 6
fe=(161)
426 42
fi=(162)
1755 12
916 18
1755 30
fi=(165) /usr/include/c++/9/bits/stl_algobase.h
222 12
+5 17
fi=(162)
1758 5
+1 10
fi=(163) /usr/include/c++/9/ext/new_allocator.h
114 24
cob=(2) ???
cfi=(18) ???
cfn=(1224) 0x00000000001091f0
calls=6 0 
* 1058
* 24
fi=(168) /usr/include/c++/9/new
+60 24
fi=(164) /usr/include/c++/9/bits/stl_uninitialized.h
924 12
+4 14
fi=(162)
350 2
fe=(161)
502 6
+2 6
-2 12
+3 48
fi=(164)
929 20
cob=(2)
cfi=(18)
cfn=(1232) 0x0000000000109260
calls=5 0 
* 73
-1 15
fi=(163)
128 10
cob=(2)
cfi=(18)
cfn=(1236) 0x00000000001091e0
calls=5 0 
* 1302
fi=(167) /usr/include/c++/9/bits/alloc_traits.h
469 5
fi=(162)
343 10
+7 2
1756 25
fe=(161)

fl=(144) /home/user/supercompRodrigoNigri/Projeto/aleatoria/aleatoria.cpp
fn=(700) _GLOBAL__sub_I__Z19verifica_calendario5filmeSt6vectorIiSaIiEE
170 2
fi=(157) /usr/include/c++/9/iostream
-96 2
cob=(2)
cfi=(18)
cfn=(702) 0x0000000000109250
calls=1 -74 
* 107885
* 1
fe=(144)
+96 1
fi=(157)
-96 3
cob=(2)
cfi=(18)
cfn=(1206) 0x00000000001091d0
calls=1 -74 
* 74
fe=(144)

fn=(1214) main
49 2
fi=(162)
+46 2
fe=(144)
-46 5
fi=(162)
+46 1
fe=(144)
-46 4
fi=(161)
+72 1
fi=(162)
-26 9
fi=(168)
+79 18
fi=(161)
-57 36
fe=(144)
-59 82
+1 23
fi=(161)
+53 46
fe=(144)
-53 1
fi=(161)
+53 2
+9 18
cfn=(1218)
calls=6 426 
* 2850
fe=(144)
-63 12
+4 3
cob=(2)
cfi=(18)
cfn=(1252) 0x00000000001091a0
calls=1 -62 
* 5917

fl=(142) ???
fn=(684) _start
0 12
cob=(3) /usr/lib/x86_64-linux-gnu/libc-2.31.so
cfi=(143) /build/glibc-SzIz7B/glibc-2.31/csu/../csu/libc-start.c
cfn=(686) (below main)
calls=1 137 
0 117223

fn=(688) __libc_csu_init
0 15
cob=(2)
cfi=(18)
cfn=(690) 0x0000000000109000
calls=1 0 
0 7
0 2

ob=(5) /usr/lib/x86_64-linux-gnu/valgrind/vgpreload_core-amd64-linux.so
fl=(118) ???
fn=(356) 0x0000000000001120
0 12

ob=(8)
fl=(142)
fn=(688)
0 6
cfn=(694) 0x00000000000021e0
calls=1 0 
0 12
0 4
cfi=(144)
cfn=(700)
calls=1 170 
0 107968
0 14

fn=(694)
0 12

ob=(6) /usr/lib/x86_64-linux-gnu/libgcc_s.so.1
fl=(127) ???
fn=(436) 0x0000000000003d10
0 12

fn=(396) __cpu_indicator_init
0 45
cfn=(398) 0x00000000000036d0
calls=1 0 
0 105
0 16

fn=(398)
0 105

ob=(1) /usr/lib/x86_64-linux-gnu/ld-2.31.so
fl=(22) /build/glibc-SzIz7B/glibc-2.31/string/../sysdeps/x86_64/strcmp.S
fn=(58) strcmp
111 2558
+33 2558
+1 2558
+2 2558
+1 2558
+21 2558
+1 2558
+1 1914
+1 1914
+1 1894
+1 1894
+1 1894
+1 1894
+21 1894
+1 1894
+1 1894
+1 1894
+1 1894
+1 1894
+1 1894
+5 54
+1 162
+9 54
+1 54
+1 54
+1 54
+1 54
+1 54
+1 54
+1 54
-7 664
+1 664
+1 664
+1 664
+1 664
+1 664
+1 664
+1 664
+1 96
+1 49
+1 49
+1 49
+2 49
+1 49
+1 49
+1 49
+1 49
+1 49
-5 47
+1 47
+1 47
+1 47
+1 47
+1 47
+10 622
+1 622
+1 622
+2 622
+6 622
+1 622
+1 622
+1 622
+1 622
+5 622
+2 613
+1 613
+1 1226
+8 613
+1 613
+3 613
+1 613
+1 613
+1 613
+1 613
+1 613
-9 20
+1 20
+3 20
+1 20
+1 20
+1 20
+1 20
+1 20
+6 27
+1 27
+1 27
+3 27
+1 27
+1 27
+1 27
+1 27
+1 27
+5 20
+1 20
696 2
+1 2
+1 2
+1 2
+1 2
+2 2
+1 2
+1 2
+1 2
+1 2
+1 2
+1 2
+1 2
+4 2
+1 2
+1 2
+6 2
+1 2
+1 4
+4 2
+1 2
+3 2
+1 2
+1 2
+3 2
+1 2
+1 2
+6 2
+1 2
+1 2
+1 2
+1 2
+1 2
+7 1
+1 1
+2 1
+1 1
+2 1
+1 1
+1 1
+3 1
+1 1
+1 1
+6 1
+1 1
+1 1
+1 1
+1 1
+1 1
+41 4
+1 4
+1 4
+1 4
+1 4
+2 4
+1 4
+1 4
+1 4
+1 4
+1 4
+1 4
+1 4
+4 4
+1 4
+1 4
+6 4
+1 4
+1 8
+4 4
+1 4
+3 4
+1 4
+1 4
+3 4
+1 4
+1 4
+6 4
+1 4
+1 4
+1 4
+1 4
+1 4
+72 2
+1 2
+1 2
+1 2
+1 2
+2 2
+1 2
+1 2
+1 2
+1 2
+1 2
+1 2
+1 2
+4 2
+1 2
+1 2
+6 2
+1 2
+1 4
+4 2
+1 2
-1 2
+1 2
+3 4
+1 4
+1 4
+3 4
+1 4
+1 4
+6 4
+1 4
+1 4
+1 4
+1 4
+1 4
+7 3
+1 3
+2 3
+1 3
+2 3
+1 3
+1 3
+3 3
+1 3
+1 3
+6 3
+1 3
+1 3
+1 3
+1 3
+1 3
+7 2
+1 2
+1 2
+32 1
+1 1
+1 1
+1 1
+1 1
+2 1
+1 1
+1 1
+1 1
+1 1
+1 1
+1 1
+1 1
+4 1
+1 1
+1 1
+6 1
+1 1
+1 2
+4 1
+1 1
+3 1
+1 1
+1 1
+3 1
+1 1
+1 1
+6 1
+1 1
+1 1
+1 1
+1 1
+1 1
+72 1
+1 1
+1 1
+1 1
+1 1
+2 1
+1 1
+1 1
+1 1
+1 1
+1 1
+1 1
+1 1
+4 1
+1 1
+1 1
+6 1
+1 1
+1 2
+4 1
+1 1
+3 1
+1 1
+1 1
+3 1
+1 1
+1 1
+6 1
+1 1
+1 1
+1 1
+1 1
+1 1
+72 6
+1 6
+1 6
+1 6
+1 6
+2 6
+1 6
+1 6
+1 6
+1 6
+1 6
+1 6
+1 5
+4 5
+1 5
+1 5
+6 5
+1 5
+1 10
+4 5
+1 5
-1 1
+1 1
+3 6
+1 6
+1 6
+3 6
+1 6
+1 6
+6 6
+1 6
+1 6
+1 6
+1 6
+1 6
+7 1
+1 1
+2 1
+1 1
+2 1
+1 1
+1 1
+3 1
+1 1
+1 1
+6 1
+1 1
+1 1
+1 1
+1 1
+1 1
+7 1
+1 1
+1 1
+32 19
+1 19
+1 19
+1 19
+1 19
+2 19
+1 19
+1 19
+1 19
+1 19
+1 19
+1 19
+1 18
+4 18
+1 18
+1 18
+6 18
+1 18
+1 36
+4 18
+1 18
+3 18
+1 18
+1 18
+3 18
+1 18
+1 18
+6 18
+1 18
+1 18
+1 18
+1 18
+1 18
+72 9
+1 9
+1 9
+1 9
+1 9
+2 9
+1 9
+1 9
+1 9
+1 9
+1 9
+1 9
+1 5
+4 5
+1 5
+1 5
+6 5
+1 5
+1 10
+4 5
+1 5
+3 5
+1 5
+1 5
+3 5
+1 5
+1 5
+6 5
+1 5
+1 5
+1 5
+1 5
+1 5
+7 1
+1 1
+2 1
+1 1
+2 1
+1 1
+1 1
+3 1
+1 1
+1 1
+6 1
+1 1
+1 1
+1 1
+1 1
+1 1
+41 8
+1 8
+1 8
+1 8
+1 8
+2 8
+1 8
+1 8
+1 8
+1 8
+1 8
+1 8
+1 6
+4 6
+1 6
+1 6
+6 6
+1 6
+1 12
+4 6
+1 6
+3 6
+1 6
+1 6
+3 6
+1 6
+1 6
+6 6
+1 6
+1 6
+1 6
+1 6
+1 6
+72 26
+1 26
+1 26
+1 26
+1 26
+2 26
+1 26
+1 26
+1 26
+1 26
+1 26
+1 26
+1 23
+4 23
+1 23
+1 23
+6 23
+1 23
+1 46
+4 23
+1 23
+3 23
+1 23
+1 23
+3 23
+1 23
+1 23
+6 23
+1 23
+1 23
+1 23
+1 23
+1 23
+72 8
+1 8
+1 8
+1 8
+1 8
+2 8
+1 8
+1 8
+1 8
+1 8
+1 8
+1 8
+1 3
+4 3
+1 3
+1 3
+6 3
+1 3
+1 6
+4 3
+1 3
+3 3
+1 3
+1 3
+3 3
+1 3
+1 3
+6 3
+1 3
+1 3
+1 3
+1 3
+1 3
+72 10
+1 10
+1 10
+1 10
+1 10
+2 10
+1 10
+1 10
+1 10
+1 10
+1 10
+1 10
+2 6
+4 6
+1 6
+1 6
+6 6
+1 6
+2 12
+4 6
+1 6
+3 6
+1 6
+1 6
+3 6
+1 6
+1 6
+6 6
+1 6
+1 6
+1 6
+1 6
+1 6
+74 689
+2 689
+1 689
+1 689
+1 689
-3 29
+1 29
+1 29
+1 29
+1 98
+5 49
+6 49
+1 49
+8 49
+1 49
-16 2509
+6 2509
+1 2509
+8 2509
+1 2509

fl=(11) /build/glibc-SzIz7B/glibc-2.31/elf/../sysdeps/unix/sysv/linux/x86_64/brk.c
fn=(20) brk
28 1
+3 5
+2 2
+6 1
+1 1

fl=(19) /build/glibc-SzIz7B/glibc-2.31/elf/dl-minimal.c
fn=(84) strsep
262 2
+3 4
+2 2
+1 4
+4 33
+7 84
-2 56
+13 1
+4 4
-22 14
+15 14
-15 30

fn=(46) malloc
49 200
+1 160
+11 80
+3 40
-3 40
+3 228
+18 40
+1 40
+2 160
-16 12
+1 6
+2 3
+1 21
cfi=(43) /build/glibc-SzIz7B/glibc-2.31/misc/../sysdeps/unix/sysv/linux/mmap64.c
cfn=(136) mmap
calls=3 -25 
* 60
* 3
+2 6
+2 6
+2 8
-23 1
-1 1
+1 1
+1 2
-2 3
+24 4

fn=(42) calloc
92 34
+4 17
+4 17
-1 34
+1 34
+3 17
cob=(2)
cfi=(18)
cfn=(44) 0x00000000040010a0
calls=17 0 
* 584

fn=(94) free
109 8
+2 32

fl=(20) /build/glibc-SzIz7B/glibc-2.31/string/../sysdeps/x86_64/multiarch/memmove-vec-unaligned-erms.S
fn=(48) memcpy
127 33
+1 33
+6 33
+1 33
+1 22
+1 22
+5 10
+1 10
+1 10
+1 10
+5 10
280 11
+1 11
+1 2
+1 2
+1 2
+1 2
+1 1
+1 1
+1 1
+2 1
+22 9
+1 9
+1 9
+1 9
+1 9
+10 1
+1 1
+1 1
+1 1
+1 1
+10 12
+1 12
+1 10
+1 10
+2 3
+1 3
+1 3
+1 3
+1 3
+1 3
+1 3
+1 3
+1 3
+1 3
+1 3
+1 3
+1 3
+1 3
+1 3
+1 3
+2 3
+3 7
+1 7
+1 7
+1 7
+1 7
+1 7
+1 7
+1 7
+2 7
+3 2
+1 2
+2 2
+3 2
+1 2
+1 2
+1 2
+1 2
+2 2
+1 2
+3 2
+1 2
+2 2
+2 2
+2 2
+2 2
+8 2
+1 2
+1 2
+1 2
+1 2
+1 2
+1 2
+1 2
+1 2
+1 2
+1 2
+1 2
+1 2
-12 5
+1 5
+1 5
+1 5
+1 5
+1 5
+1 5
+1 5
+1 5
+1 5
+1 5
+1 5
+1 5
+2 2
+1 2
+1 2
+1 2
+2 2
+2 2

fn=(78) mempcpy
114 39
+1 39
+1 39
+1 39
+17 39
+1 39
+1 7
+1 7
+5 4
+1 4
+1 4
+1 4
+5 4
280 32
+1 32
+1 12
+1 12
+1 7
+1 7
+1 5
+4 5
+22 20
+1 20
+1 20
+1 20
+1 20
+3 5
+1 5
+1 5
+1 5
+1 5
+3 2
+1 2
+1 2
+1 2
+1 2
+10 3
+1 3
+1 3
+1 3
+2 1
+1 1
+1 1
+1 1
+1 1
+1 1
+1 1
+1 1
+1 1
+1 1
+1 1
+1 1
+1 1
+1 1
+1 1
+1 1
+2 1
+3 2
+1 2
+1 2
+1 2
+1 2
+1 2
+1 2
+1 2
+2 2

fl=(16) /build/glibc-SzIz7B/glibc-2.31/elf/dl-environ.c
fn=(36) _dl_next_ld_env_entry
28 3
+1 3
+3 45
+13 35
-13 70
+2 74
+1 18
+5 2
-3 2
+3 2
+2 2
+7 1

fl=(12) /build/glibc-SzIz7B/glibc-2.31/elf/../sysdeps/x86/cpu-features.c
fn=(24) get_common_indices.constprop.0
71 2
+4 4
+3 3
+4 2
-4 1
+4 1
-4 1
+3 1
+1 1
+1 4
+1 4
+1 3
+1 2
+7 2
+1 3
+6 1
-6 4
+6 1
+1 7
+7 3
+4 2
+2 4
225 2
+4 3
+1 2
+3 1
-1 1
+4 1
+2 1
-2 1
+5 2
+50 3
118 2
+3 4
+3 2
+8 1
-5 3
+8 2
+2 2
+2 3
+4 2
+4 2
+7 3

fl=(21) /build/glibc-SzIz7B/glibc-2.31/elf/../sysdeps/x86/dl-prop.h
fn=(134) _dl_process_pt_note
153 100
+4 10
+2 40
53 16
+6 8
160 4
-98 4
+5 8
+89 5
-89 5
+89 10
-89 10
+70 20
-1 5
-69 15
+3 15
+1 10
+1 10
+4 15
+4 15
+3 15
+1 10
+4 5
+1 10
+11 5
+1 20
+5 10
-13 10
+1 5
+3 12
+66 4
+16 10
+3 10
+1 80
-19 30
+6 6
-6 2
+6 4
cfi=(54) /build/glibc-SzIz7B/glibc-2.31/io/../sysdeps/unix/sysv/linux/pread64_nocancel.c
cfn=(174) __pread64_nocancel
calls=2 29 
* 14
* 4
53 4
+6 2
+3 1
+5 2
+75 25
+1 5
+1 10
+1 10
-32 10
+3 10
+4 5

fl=(26) /build/glibc-SzIz7B/glibc-2.31/posix/../sysdeps/unix/syscall-template.S
fn=(70) uname
78 5
+1 1

fl=(35) /build/glibc-SzIz7B/glibc-2.31/string/../sysdeps/x86_64/strcspn.S
fn=(104) strcspn
28 1
+2 1
+7 1
+1 1
+2 1
+1 1
+1 1
+1 1
+1 33
+3 3
+7 1
+1 1
+1 1
+1 1
+2 1
+1 1
+1 1
+1 1
+2 1
+1 1
+1 1
+9 3
+12 1
+2 1
+1 1
+1 1
-4 16
+2 16
+1 16
+1 16
+2 16
+1 16
+1 16
+2 16
+1 16
+1 16
+2 16
+1 16
+1 16
+6 1
+7 1
+4 1

fl=(30) /build/glibc-SzIz7B/glibc-2.31/string/../sysdeps/x86_64/multiarch/memset-vec-unaligned-erms.S
fn=(80) memset
108 17
+1 85
+6 17
+1 17
+1 9
+1 9
+2 5
+1 5
+2 5
+65 4
+1 4
+10 4
+1 4
+1 4
+1 4
+1 4
+1 4
+1 4
+1 4
+1 4
+1 4
+1 4
+1 4
+1 4
+1 4
+2 101
+1 101
+1 101
+1 101
+1 101
+1 101
+1 101
+1 4
+15 8
+1 8
+1 8
+1 3
+1 3
+1 1
+1 1
+24 5
+1 5
+2 5
+3 2
+1 2
+2 2
+3 1
+1 1
+2 1

fl=(117) /build/glibc-SzIz7B/glibc-2.31/elf/dl-init.c
fn=(350) call_init.part.0
28 56
+8 7
-8 7
+11 7
-3 14
+3 21
+5 18
+5 10
+9 30
cob=(2)
cfi=(18)
cfn=(442) 0x00000000048df000
calls=1 -58 
* 7
cob=(2)
cfi=(18)
cfn=(392) 0x0000000004a2e000
calls=1 -58 
* 7
cob=(2)
cfi=(18)
cfn=(382) 0x0000000004c45000
calls=1 -58 
* 7
cob=(3)
cfi=(119) /build/glibc-SzIz7B/glibc-2.31/csu/init-first.c
cfn=(362) _init
calls=1 -6 
* 112
cob=(2)
cfi=(18)
cfn=(352) 0x0000000004831000
calls=1 -58 
* 7
* 5
+4 10
+6 5
+2 10
-2 10
+3 25
+1 20
cob=(7) /usr/lib/x86_64-linux-gnu/libstdc++.so.6.0.28
cfi=(128) ???
cfn=(446) 0x00000000000a71d0
calls=1 -72 
* 12
cob=(6)
cfi=(127)
cfn=(396)
calls=1 -72 
* 166
cob=(4) /usr/lib/x86_64-linux-gnu/libm-2.31.so
cfi=(126) ???
cfn=(386) 0x000000000000d480
calls=1 -72 
* 12
cob=(3)
cfi=(123) /build/glibc-SzIz7B/glibc-2.31/libio/vtables.c
cfn=(372) check_stdfiles_vtables
calls=1 +11 
* 12
cob=(5)
cfi=(118)
cfn=(356)
calls=1 -72 
* 12
* 52
cob=(7)
cfi=(128)
cfn=(676) 0x00000000000a70c0
calls=1 -72 
* 237
cob=(7)
cfi=(128)
cfn=(650) 0x00000000000a7000
calls=1 -72 
* 50
cob=(7)
cfi=(128)
cfn=(624) 0x00000000000a6f40
calls=1 -72 
* 50
cob=(7)
cfi=(128)
cfn=(606) 0x00000000000a6ec0
calls=1 -72 
* 34
cob=(7)
cfi=(128)
cfn=(588) 0x00000000000a6e40
calls=1 -72 
* 34
cob=(7)
cfi=(128)
cfn=(584) 0x00000000000a6e00
calls=1 -72 
* 159
cob=(7)
cfi=(128)
cfn=(582) 0x00000000000a6bf0
calls=1 -72 
* 52
cob=(7)
cfi=(128)
cfn=(556) 0x00000000000a6ae0
calls=1 -72 
* 74
cob=(7)
cfi=(128)
cfn=(506) 0x00000000000a6a60
calls=1 -72 
* 76171
cob=(7)
cfi=(128)
cfn=(484) 0x00000000000a6a40
calls=1 -72 
* 2289
cob=(7)
cfi=(128)
cfn=(452) 0x00000000000a69b0
calls=1 -72 
* 1790
cob=(6)
cfi=(127)
cfn=(436)
calls=1 -72 
* 12
cob=(3)
cfi=(124) /build/glibc-SzIz7B/glibc-2.31/string/../sysdeps/x86/cacheinfo.c
cfn=(374) init_cacheinfo
calls=1 488 
* 1688
-1 54
+3 42
-29 3
-5 3

fn=(348) _dl_init
79 12
+1 1
+1 1
+3 3
+8 2
+25 1
+1 5
+1 2
-89 2
+89 12
-89 36
cfn=(350)
calls=6 -2 
* 83331
+88 21
+7 8
-95 3
cfn=(350)
calls=1 -2 
* 72
+57 2

fl=(40) /build/glibc-SzIz7B/glibc-2.31/io/../sysdeps/unix/sysv/linux/read_nocancel.c
fn=(126) __read_nocancel
25 5
+1 20
+1 5

fl=(57) /build/glibc-SzIz7B/glibc-2.31/elf/dl-sort-maps.c
fn=(180) _dl_sort_maps
28 13
+2 2
+4 19
+1 3
-1 1
+1 2
cfi=(30)
cfn=(80)
calls=1 +73 
* 14
* 8
-2 4
+6 4
+3 1
-3 2
+1 3
+2 1
-3 24
+3 6
-3 12
+1 18
+2 6
+12 32
+2 18
+1 12
-1 33
+1 22
+33 32
-36 64
+61 33
+7 8
-63 114
+1 84
+6 1
-1 3
+1 2
-1 2
+1 1
-1 3
cfi=(20)
cfn=(48)
calls=1 +62 
* 11
+4 2
-2 1
+2 6
+8 7
+41 30
cfi=(30)
cfn=(80)
calls=5 -10 
* 78
* 15
-34 6
cfi=(20)
cfn=(48)
calls=1 +43 
* 15
+1 3
+2 1
-2 1
+2 1

fl=(1) ???
fn=(0) 0x0000000000001100
0 2
cfi=(2) /build/glibc-SzIz7B/glibc-2.31/elf/rtld.c
cfn=(2) _dl_start
calls=1 463 
0 2188686
0 14
cfi=(117)
cfn=(348)
calls=1 79 
0 83514
0 3
cob=(8)
cfi=(142)
cfn=(684)
calls=1 0 
0 117235

fl=(7) /build/glibc-SzIz7B/glibc-2.31/elf/../elf/dl-sysdep.c
fn=(12) _dl_sysdep_start
89 9
+25 1
-1 1
+1 121
+6 1
-3 1
+1 1
-4 1
+3 1
+3 8
-29 1
-1 2
+30 20
+1 108
+61 1
+1 1
-1 1
+1 1
-63 75
+34 1
-34 2
+35 1
-35 2
+46 1
-46 1
+47 1
-1 1
-46 3
+40 1
-40 1
+41 1
-1 1
-40 3
+37 1
-37 2
+38 1
-38 3
+13 1
-13 2
+14 1
-14 2
+10 1
-10 2
+11 1
-11 2
+7 1
-7 4
+4 1
-4 4
223 1
cfi=(8) /build/glibc-SzIz7B/glibc-2.31/elf/dl-tunables.c
cfn=(14) __GI___tunables_init
calls=1 +64 
* 16842
fi=(10) /build/glibc-SzIz7B/glibc-2.31/elf/../sysdeps/unix/sysv/linux/dl-sysdep.c
36 2
cfi=(11)
cfn=(20)
calls=1 -8 
* 10
fi=(12)
309 1
+13 1
-12 1
+1 1
+11 2
+3 6
476 3
+1 1
+3 2
+1 1
+6 1
+6 1
-5 1
+5 1
-3 1
+3 1
-4 1
+4 1
cfi=(8)
cfn=(26) __tunable_get_val
calls=1 368 
* 18
+2 4
cfi=(8)
cfn=(26)
calls=1 368 
* 20
* 1
+2 3
-2 1
+2 1
cfi=(8)
cfn=(26)
calls=1 368 
* 20
* 1
+2 3
-2 1
+2 1
cfi=(8)
cfn=(26)
calls=1 368 
* 20
* 1
+12 1
-1 1
-11 1
+12 1
+47 4
cfi=(8)
cfn=(26)
calls=1 368 
* 18
+2 4
cfi=(8)
cfn=(26)
calls=1 368 
* 18
fi=(13) /build/glibc-SzIz7B/glibc-2.31/elf/../sysdeps/unix/sysv/linux/x86/cpu-features.c
28 6
fe=(7)
234 3
+1 1
cfi=(14) /build/glibc-SzIz7B/glibc-2.31/string/../sysdeps/x86_64/multiarch/../strlen.S
cfn=(30) strlen
calls=1 41 
* 17
* 1
+2 2
cfi=(15) /build/glibc-SzIz7B/glibc-2.31/elf/../misc/sbrk.c
cfn=(32) sbrk
calls=1 32 
* 18
* 3
+12 3
+3 5
cfi=(2)
cfn=(34) dl_main
calls=1 1090 
* 2169916
+1 1
+1 8
fi=(12)
515 3
+28 2
-9 3
+2 4
+1 2
+2 4
+1 2
331 6
cfn=(24)
calls=1 71 
* 99
49 4
+1 2
+1 6
+5 2
+1 6
+5 2
+1 6
336 7
+89 4
-96 1
+96 2
-99 1
+12 10
+38 2
+14 1
+10 5
+14 2
+1 1
fe=(7)

fn=(340) _dl_sysdep_start_cleanup
258 1
+1 1

fl=(47) /build/glibc-SzIz7B/glibc-2.31/io/../sysdeps/unix/sysv/linux/access.c
fn=(146) access
25 1
+2 7
+4 1

fl=(27) /build/glibc-SzIz7B/glibc-2.31/elf/dl-load.c
fn=(86) expand_dynamic_string_token
378 14
234 2
378 2
234 2
378 2
234 2
cfi=(31) /build/glibc-SzIz7B/glibc-2.31/string/../sysdeps/x86_64/multiarch/../strchr.S
cfn=(88) index
calls=2 23 
* 114
+3 4
403 2
-11 2
+11 12
-11 2
cfi=(32) /build/glibc-SzIz7B/glibc-2.31/string/strdup.c
cfn=(90) strdup
calls=2 40 
* 206

fn=(82) fillin_rpath
447 7
+2 1
-2 9
+4 3
cfi=(19)
cfn=(84)
calls=1 262 
* 240
* 3
cfi=(19)
cfn=(84)
calls=1 262 
* 8
* 6
+7 2
+2 3
cfn=(86)
calls=1 -82 
* 120
* 1
+4 2
+5 2
cfi=(14)
cfn=(30)
calls=1 41 
* 17
* 1
+1 2
+7 5
+9 17
+1 8
+57 2
cob=(2)
cfi=(18)
cfn=(92) 0x0000000004001080
calls=1 0 
* 7
* 1
-39 2
+4 8
cob=(2)
cfi=(18)
cfn=(44)
calls=1 0 
* 27
+2 3
+5 1
+1 2
-2 2
+2 1
cfi=(20)
cfn=(78)
calls=1 114 
* 13
+1 1
+2 1
-3 1
+1 1
+2 1
+6 4
+1 10
+1 4
-1 2
+1 4
-1 6
+3 1
+1 1
-1 1
+1 1
+8 1
-1 1
+4 3
-60 4
+23 2
+43 1
+3 9
-15 2

fn=(128) _dl_map_object_from_fd
866 50
+10 5
-10 5
+10 5
-10 15
+10 5
cfi=(33) /build/glibc-SzIz7B/glibc-2.31/elf/dl-debug.c
cfn=(96) _dl_debug_initialize
calls=5 46 
* 45
* 5
+7 20
+61 20
+10 10
+7 20
+33 10
877 5
997 35
cfi=(17) /build/glibc-SzIz7B/glibc-2.31/elf/dl-object.c
cfn=(38) _dl_new_object
calls=5 59 
* 1877
* 5
+1 10
+11 10
+5 5
-5 5
+1 5
+5 5
-5 5
+1 5
+2 5
-2 5
+2 10
+1 15
+20 10
-2 5
+2 85
+8 5
-8 5
+8 5
-8 5
+8 15
+90 5
-96 5
+96 5
-97 5
-5 10
1132 10
-89 450
fi=(41) /build/glibc-SzIz7B/glibc-2.31/elf/../sysdeps/posix/dl-fileid.h
37 20
cfi=(42) /build/glibc-SzIz7B/glibc-2.31/io/../sysdeps/unix/sysv/linux/wordsize-64/fxstat.c
cfn=(132) _fxstat
calls=5 -4 
* 55
* 10
fe=(27)
901 10
fi=(41)
40 10
+1 5
fe=(27)
901 5
fi=(41)
40 5
fe=(27)
901 80
+1 40
fi=(41)
49 60
fe=(27)
1417 45
1018 9
-98 10
1066 100
+5 140
+8 20
+1 20
+1 20
-2 20
+1 40
+1 60
-1 20
+1 20
-1 40
+1 80
+3 20
-3 20
+1 40
+2 20
+4 40
+1 90
+5 30
-1 15
+1 15
-1 15
-14 15
+15 75
-52 90
+52 10
-1 5
+1 5
-1 5
-14 5
+15 25
-52 264
1157 10
1010 10
1170 10
+10 20
fi=(44) /build/glibc-SzIz7B/glibc-2.31/elf/./dl-map-segments.h
56 5
fe=(27)
1180 10
fi=(44)
56 10
fe=(27)
1180 15
fi=(44)
56 10
-6 5
+6 5
-6 5
+6 5
cfi=(43)
cfn=(136)
calls=5 -8 
* 100
* 5
+4 10
+3 10
+1 5
+2 5
-3 5
+1 5
+2 5
+7 10
cfi=(53) /build/glibc-SzIz7B/glibc-2.31/misc/../sysdeps/unix/syscall-template.S
cfn=(170) mprotect
calls=1 +5 
* 6
* 2
+7 5
+2 5
fi=(45) /build/glibc-SzIz7B/glibc-2.31/elf/./dl-load.h
+8 40
+1 15
+2 40
fi=(44)
+11 80
+6 5
+2 5
-2 5
+1 5
+2 10
-1 10
+3 10
+5 10
+3 10
+8 35
cfi=(30)
cfn=(80)
calls=5 -23 
* 809
+1 10
+5 10
+12 20
-59 100
+2 75
+2 120
cfi=(43)
cfn=(136)
calls=15 -46 
* 270
* 30
fe=(27)
1107 6
+4 2
+1 4
+1 2
+3 10
+1 2
+3 2
-3 2
+8 8
-65 2
+1 1
+88 50
cfi=(21)
cfn=(134)
calls=10 153 
* 675
* 40
1049 10
+5 10
+1 20
-37 5
+1 2
-1 1
+1 2
cfi=(54)
cfn=(174)
calls=1 29 
* 7
* 2
+24 70
1144 20
+2 5
-6 10
+1 5
+51 20
+9 15
fi=(3) /build/glibc-SzIz7B/glibc-2.31/elf/get-dynamic-info.h
42 5
+6 5
-2 5
+2 10
+15 5
+5 5
+3 5
-2 5
-2 5
-3 10
-1 124
+1 78
-16 26
+26 26
-26 155
+26 103
-26 206
+2 258
+23 206
-8 25
+3 20
+3 20
+1 20
+9 10
+20 17
+1 20
+1 20
+1 20
+2 20
+5 20
+1 19
+1 20
+5 15
+5 10
+7 10
+1 15
+18 15
+5 4
+2 4
+2 4
+2 4
+3 15
+2 3
+1 2
+9 2
+5 2
+3 10
fe=(27)
1208 10
+2 10
+19 15
+19 10
+2 25
+48 15
+1 4
+3 4
cfi=(46) /build/glibc-SzIz7B/glibc-2.31/io/../sysdeps/unix/sysv/linux/close_nocancel.c
cfn=(144) __GI___close_nocancel
calls=2 25 
* 12
* 6
cfi=(46)
cfn=(144)
calls=3 25 
* 18
* 10
+9 10
+2 20
+2 10
+16 10
cfi=(6) /build/glibc-SzIz7B/glibc-2.31/elf/dl-lookup.c
cfn=(10) _dl_setup_hash
calls=5 961 
* 120
+4 10
+1 10
+17 10
+4 5
+5 5
-5 5
+5 5
+10 10
+9 10
+1 8
+5 2
cfi=(34) /build/glibc-SzIz7B/glibc-2.31/elf/../elf/dl-tls.c
cfn=(172) _dl_next_tls_modid
calls=2 48 
* 14
* 2
+7 6
cfi=(17)
cfn=(50) _dl_add_to_namespace_list
calls=2 31 
* 104
* 9
cfi=(17)
cfn=(50)
calls=3 31 
* 156
+4 15
fi=(45)
94 20
+2 4
-1 8
+1 4
-1 4
+1 4
-1 4
+1 4
-1 8
+3 16
fe=(27)
1354 2
fi=(44)
141 16
cfi=(43)
cfn=(136)
calls=2 -93 
* 36
+3 4
fe=(27)
1018 2
fi=(41)
49 8
fe=(27)

fn=(72) _dl_init_paths
681 2
+13 2
-13 8
+13 3
cfi=(28) /build/glibc-SzIz7B/glibc-2.31/elf/dl-hwcaps.c
cfn=(74) _dl_important_hwcaps
calls=1 42 
* 747
+5 1
-5 1
+5 1
cob=(2)
cfi=(18)
cfn=(44)
calls=1 0 
* 27
-1 1
+2 2
+7 2
+1 4
-1 3
+4 4
cob=(2)
cfi=(18)
cfn=(44)
calls=1 0 
* 27
* 2
+2 2
+7 1
+10 1
-2 2
+2 1
+3 2
+9 1
-7 1
+7 2
-3 1
-20 1
+12 1
+3 1
+8 1
-3 17
cfi=(30)
cfn=(80)
calls=4 108 
* 52
+3 18
-14 9
+14 3
-12 6
+4 3
+4 3
-7 3
+3 3
+1 3
-2 3
+5 3
+1 3
-4 3
+4 3
+14 1
-11 1
+6 1
+1 1
+5 2
+2 4
+2 3
+38 5
-19 1
-2 1
+2 2
+21 2
cfi=(14)
cfn=(30)
calls=1 41 
* 17
* 10
-7 2
+7 9
cfi=(20)
cfn=(48)
calls=1 127 
* 11
* 1
+5 4
-1 2
+2 56
-1 57
+5 1
cob=(2)
cfi=(18)
cfn=(44)
calls=1 0 
* 27
-1 1
+1 1
+1 2
+6 6
cfn=(82)
calls=1 447 
* 588
+3 3
+6 1
+4 8
-30 2

fn=(122) open_verify.constprop.1
1466 1
+70 1
-70 4
+70 1
-70 6
+70 1
cfi=(39) /build/glibc-SzIz7B/glibc-2.31/io/../sysdeps/unix/sysv/linux/open64_nocancel.c
cfn=(124) __open_nocancel
calls=1 34 
* 19
* 1
+2 2
+11 2
+6 1
-6 1
+1 2
+5 5
cfi=(40)
cfn=(126)
calls=1 25 
* 6
+2 2
+2 3
+2 2
+6 2
+16 9
1761 2
cob=(2)
cfi=(18)
cfn=(92)
calls=1 0 
* 7
+4 9
1583 7
+74 2
+5 2
+2 4
+6 2
+6 1
+1 1
-1 3
+1 1
-1 1
+1 2
+1 2
+20 4
1543 2
1698 66
+1 28
+1 8
+4 8
+17 4
+8 12
+3 18
+3 2
-4 2
+4 4
+6 4
-36 6

fn=(154) open_path
1779 32
+1 4
-1 24
+1 4
+6 8
+5 68
-7 4
1443 8
1791 4
-8 4
+8 8
+3 8
+9 24
+7 12
+1 4
-1 4
cfi=(20)
cfn=(78)
calls=4 114 
* 52
-12 4
+12 4
+55 8
-22 32
-32 45
+3 32
-3 32
+3 32
+4 77
cfi=(20)
cfn=(78)
calls=11 114 
* 151
* 44
cfi=(20)
cfn=(78)
calls=11 114 
* 143
+3 22
+3 33
+3 66
cfn=(156) open_verify.constprop.0
calls=11 1466 
* 583
* 11
+2 33
+2 16
+62 4
+27 36
1811 63
+85 32
+7 8
-2 8
+2 8
+3 12
-51 12
+2 6
-46 22
+25 16
+1 56
+6 16
+2 24
-2 16
+2 8
cfi=(49) /build/glibc-SzIz7B/glibc-2.31/io/../sysdeps/unix/sysv/linux/wordsize-64/xstat.c
cfn=(158) _xstat
calls=8 33 
* 109
* 8
+3 8
-3 16
+1 1
+2 1
-2 1
+2 23
-57 8

fn=(156)
1466 165
+39 45
+31 60
cfi=(39)
cfn=(124)
calls=15 34 
* 318
* 15
+2 30
+11 8
+6 4
-6 4
+1 8
+5 20
cfi=(40)
cfn=(126)
calls=4 25 
* 24
+2 8
+2 12
+2 8
+6 8
+16 36
-65 11
1765 135
1583 28
+74 8
+5 8
+2 16
+6 8
+6 4
+1 4
-1 12
+1 4
-1 4
+1 8
+1 6
+20 16
1543 8
1698 222
+1 102
+1 32
+4 32
+6 4
+1 32
+10 14
cfi=(54)
cfn=(174)
calls=2 29 
* 14
* 18
+8 60
+15 4
+6 6
-3 2
+1 2
+3 2
-3 4
+1 2
-1 2
-1 2
+4 4
1583 9
1761 8
cob=(2)
cfi=(18)
cfn=(92)
calls=4 0 
* 28
* 4
-29 72
+3 8
-4 8
+4 16
+5 2
+1 16
-60 15
+1 2
-1 1
+1 3
cfi=(54)
cfn=(174)
calls=1 29 
* 7
* 8
+23 18

fn=(118) _dl_map_object
1927 120
+8 24
+1 48
+3 222
+5 343
+2 147
cfi=(38) /build/glibc-SzIz7B/glibc-2.31/elf/dl-misc.c
cfn=(120) _dl_name_match_p
calls=49 282 
* 4340
* 98
+4 84
+1 126
+3 22
+1 22
+1 22
-1 22
+1 22
cfi=(22)
cfn=(58)
calls=22 111 
* 719
* 44
2238 108
1972 30
-43 5
+53 15
+36 10
-2 5
+2 5
cfi=(31)
cfn=(88)
calls=5 23 
* 120
* 10
2169 2
-1 3
cfn=(86)
calls=1 378 
* 246
+2 1
-3 1
+1 1
+2 2
+4 4
cfn=(122)
calls=1 1466 
* 285
* 1
+3 2
+12 4
+46 1
+1 3
-1 1
+1 9
cfn=(128)
calls=1 866 
* 1851
-1 4
+1 12
-1 4
+1 36
cfn=(128)
calls=4 866 
* 8223
* 15
2022 8
cfi=(14)
cfn=(30)
calls=4 41 
* 68
* 8
+2 8
+7 16
+36 48
cfn=(154)
calls=4 1779 
* 2162
+6 4
-6 4
+6 16
659 4
2074 4
659 8
+3 2
2161 8
+28 16
+2 16
2035 20
+8 16
-3 15
659 5
2041 5
659 10
+3 2
+3 3
+3 1
+1 1
2082 4
+14 8
+2 12
+4 8
cfi=(50) /build/glibc-SzIz7B/glibc-2.31/elf/dl-cache.c
cfn=(160) _dl_load_cache_lookup
calls=4 187 
* 4696
* 4
+2 8
+4 8
+8 12
+23 24
cfn=(156)
calls=4 1466 
* 1255
+4 8
-4 4
+4 4
+1 8
-89 16
+1 32
659 4
2057 4
659 8
2066 8
+1 8
665 3
+3 1
+1 1

fn=(150) _dl_dst_count
231 22
+3 11
-3 22
+7 11
-7 22
+3 11
cfi=(31)
cfn=(88)
calls=11 23 
* 336
+3 22
+20 77

fl=(53)
fn=(344) munmap
78 5
+1 1

fn=(170)
78 40
+1 8

fl=(34)
fn=(172)
48 2
+3 8
+48 2
+4 2

fn=(192) _dl_determine_tlsoffset
135 4
+6 1
-6 2
+6 2
+3 2
+36 3
+2 1
-2 1
-2 1
-40 1
-1 1
-1 2
+69 4
+3 2
-3 2
+3 2
-3 8
+2 4
+10 2
-12 2
-25 12
+2 4
+3 2
-1 2
+5 4
-5 2
+1 2
-1 2
+3 4
+2 6
+12 6
+20 1
+52 2
-1 1
-51 1
+52 2
-52 1
+52 2

fn=(300) _dl_add_to_slotinfo
887 16
+6 2
+3 2
+1 2
+4 6
+41 4
+3 8
-1 2
+1 2
+2 12

fn=(338) _dl_allocate_tls_init
437 9
+1 2
+4 1
+6 1
-6 1
+6 2
+12 1
-15 1
-1 2
+21 5
+9 6
+1 4
+6 6
+3 2
-2 2
+6 2
-6 2
+2 4
+4 2
-4 6
+3 4
+4 4
+1 8
+2 4
+1 4
+12 2
-3 2
+3 4
cfi=(20)
cfn=(78)
calls=2 114 
* 27
* 10
cfi=(30)
cfn=(80)
calls=2 108 
* 47
* 2
-42 6
+6 9
+50 2
+3 9

fn=(194) _dl_allocate_tls_storage
332 2
+13 1
-13 2
+2 1
+12 2
cob=(2)
cfi=(18)
cfn=(44)
calls=1 0 
* 27
+1 3
+8 2
-69 1
+69 2
+1 1
+4 297
+19 1
-94 2
+1 2
cob=(2)
cfi=(18)
cfn=(40) 0x00000000040010c0
calls=1 0 
* 38
+1 2
+3 1
+6 2
+89 5

fn=(98) _dl_count_modids
108 1
+5 2
+1 1
+15 2

fl=(50)
fn=(160)
187 40
+8 8
+3 12
+66 9
+6 20
+11 4
-2 4
fi=(52) /build/glibc-SzIz7B/glibc-2.31/elf/../sysdeps/x86/dl-procinfo.h
39 8
+3 12
cfi=(22)
cfn=(58)
calls=4 +69 
* 100
* 16
fe=(50)
285 16
cfi=(8)
cfn=(26)
calls=4 +83 
* 80
* 8
+8 8
+15 408
cfn=(168) _dl_cache_libcmp
calls=31 141 
* 2395
* 218
cfn=(168)
calls=4 141 
* 312
* 24
-14 4
-1 8
+1 8
-1 8
+15 88
+16 8
+4 8
+8 12
cfi=(14)
cfn=(30)
calls=4 41 
* 140
* 52
+1 8
-1 4
+1 4
cfi=(20)
cfn=(48)
calls=4 127 
* 60
* 4
+1 4
cfi=(32)
cfn=(90)
calls=4 40 
* 380
+1 32
-3 8
201 4
cfi=(38)
cfn=(162) _dl_sysdep_read_whole_file
calls=1 44 
* 99
* 1
+8 5
+1 8
+3 1
fi=(51) /build/glibc-SzIz7B/glibc-2.31/elf/../sysdeps/generic/dl-cache.h
-60 5
fe=(50)
320 28
218 1
+1 2

fn=(168)
141 35
+1 148
+2 744
+20 364
+2 364
+5 302
-1 151
+1 151
-29 302
+32 12
-28 8
+6 4
+2 4
-2 4
+1 8
-1 4
+2 12
+2 12
-3 4
+3 4
+2 8
+9 62

fn=(342) _dl_unload_cache
348 1
+1 4
-1 1
+3 2
cfi=(53)
cfn=(344)
calls=1 78 
* 6
+1 1
+2 2

fl=(37) /build/glibc-SzIz7B/glibc-2.31/setjmp/../sysdeps/x86_64/setjmp.S
fn=(114) __sigsetjmp
30 12
+2 12
+9 12
+1 24
+1 12
+4 12
+1 12
+1 12
+1 12
+1 12
+2 24
+2 12
+1 12
+1 12
+2 24
+2 12
+8 12
+3 12
+1 12
+7 12
+1 12

fl=(130) /build/glibc-SzIz7B/glibc-2.31/elf/../elf/dl-runtime.c
fn=(462) _dl_fixup
66 225
+6 150
-6 75
+3 150
+3 225
-4 75
+5 75
+2 75
-2 375
+2 75
-2 75
+2 75
+5 150
+4 150
+4 225
+4 150
+1 300
-7 300
+16 75
-1 75
+1 150
+10 750
cfi=(6)
cfn=(208) _dl_lookup_symbol_x
calls=75 841 
* 62129
* 75
+4 375
+10 675
+7 75
+8 300
+4 225
fi=(5) /build/glibc-SzIz7B/glibc-2.31/elf/../sysdeps/x86_64/dl-machine.h
+97 75
fe=(130)
-93 225
fi=(155) /build/glibc-SzIz7B/glibc-2.31/elf/../sysdeps/x86_64/dl-irel.h
32 1
cob=(3)
cfi=(75) /build/glibc-SzIz7B/glibc-2.31/string/../sysdeps/x86_64/multiarch/strcmp.c
cfn=(244) strcmp
calls=1 +21 
* 9
* 1
fe=(130)

fl=(32)
fn=(90)
40 30
+1 6
cfi=(14)
cfn=(30)
calls=6 * 
* 218
* 6
+1 12
cob=(2)
cfi=(18)
cfn=(44)
calls=6 -42 
* 162
+2 12
+4 6
-1 18
+1 12
-1 6
cfi=(20)
cfn=(48)
calls=6 +80 
* 98

fl=(46)
fn=(144)
25 6
+1 24
+1 6

fl=(2)
fn=(54) rtld_lock_default_unlock_recursive
807 129
+1 129
+1 129

fn=(102) handle_preload_list
858 10
+5 5
-4 1
+10 2
-3 3
cfi=(35)
cfn=(104)
calls=1 28 
* 273
* 1
+1 3
+9 1
168 1
878 2
168 2
880 2
780 2
-10 1
+8 1
+2 2
-6 1
+6 1
-5 1
+1 1
+4 1
cob=(2)
cfi=(18)
cfn=(106) 0x00000000040010f0
calls=1 0 
* 2855
+1 3
+8 4
+74 2
+21 9
-15 4
cfi=(20)
cfn=(48)
calls=1 127 
* 27
+1 2

fn=(190) init_tls
699 1
+2 1
+4 1
-4 1
+4 1
+11 1
-1 3
cob=(2)
cfi=(18)
cfn=(40)
calls=1 0 
* 38
-4 1
+15 1
-12 1
+6 1
-9 1
+11 1
+4 1
+2 3
-1 2
+3 21
+4 2
+2 2
-2 2
-5 6
-1 4
+10 2
+3 1
cfi=(34)
cfn=(192)
calls=1 135 
* 103
+7 1
cfi=(34)
cfn=(194)
calls=1 332 
* 394
* 1
+1 2
+6 1
+3 1
-3 1
+3 6
+6 1
-3 1
+3 2
-35 5
-1 11

fn=(34)
1090 2
+12 1
-12 10
+12 1
+4 2
-16 1
+22 1
-22 1
+16 1
+6 1
-6 1
2533 1
+7 1
1106 1
2535 1
-2 1
+7 3
1106 1
2540 1
-4 1
+4 1
+2 4
cfi=(16)
cfn=(36)
calls=1 28 
* 59
* 4
cfi=(16)
cfn=(36)
calls=2 28 
* 198
* 9
+4 6
-2 2
+2 42
+1 19
-1 57
+9 12
2704 3
+32 3
1122 3
2631 3
+1 3
-56 2
+7 2
1330 7
cfi=(17)
cfn=(38)
calls=1 59 
* 231
* 1
+2 2
+1 1
+1 1
+5 2
-5 1
+1 2
+4 1
cfi=(17)
cfn=(50)
calls=1 31 
* 35
+1 2
1099 1
1369 1
-5 1
-2 1
+4 1
+3 1
-5 1
+5 5
+56 1
1096 1
1425 1
-15 2
-22 1
+22 1
+15 3
-55 102
fi=(21)
142 4
+1 1
+1 2
+1 1
fe=(2)
1369 24
1478 7
+3 2
+2 2
+2 3
+13 3
+3 2
-2 1
+2 1
-2 2
cfi=(22)
cfn=(58)
calls=1 111 
* 25
* 2
+7 1
+3 1
-5 1
+3 1
+2 1
+1 2
+4 2
+2 2
fi=(3)
33 1
+9 2
+6 1
-2 1
+2 2
+15 1
+5 1
+4 1
-1 1
-2 1
-5 2
-1 24
+1 15
-16 5
+26 5
-26 10
+2 56
+23 23
-25 23
+26 23
-26 46
+33 3
+20 3
+1 4
+1 4
+1 4
+2 4
+5 4
+1 4
+1 4
+5 3
+5 2
+7 2
+1 3
+18 3
+5 2
+2 2
+2 2
+2 2
+3 3
+2 3
+1 2
+9 2
+5 2
+3 2
fe=(2)
1521 2
cfi=(6)
cfn=(10)
calls=1 961 
* 24
+3 2
fi=(23) /build/glibc-SzIz7B/glibc-2.31/elf/./setup-vdso.h
24 2
fi=(21)
+35 6
190 2
67 2
189 1
67 1
189 1
64 1
+3 1
-2 1
+2 2
+70 5
-1 1
-69 4
+3 4
+1 2
+1 2
+4 3
+4 3
+3 3
+1 2
+4 1
+1 3
+11 1
+1 4
+5 2
-12 2
-1 1
+1 2
+3 2
fe=(2)
1398 1
-9 1
+27 1
-27 1
+2 1
-3 1
+10 2
-19 2
-10 1
+10 1
-10 2
+56 8
-1 4
+1 4
-1 4
+2 8
+1 1
+3 2
+1 2
-1 6
+1 6
+1 4
+1 10
+1 1
-65 3
+5 2
-5 1
+5 1
-5 2
+1 14
+95 2
-96 1
+96 2
-96 3
fi=(24) /build/glibc-SzIz7B/glibc-2.31/elf/../sysdeps/unix/sysv/linux/dl-vdso.h
40 1
+1 2
fi=(25) /build/glibc-SzIz7B/glibc-2.31/elf/../sysdeps/unix/sysv/linux/dl-vdso-setup.h
+4 1
fe=(2)
1549 2
cfi=(10)
cfn=(68) _dl_discover_osversion
calls=1 46 
* 80
* 8
fi=(3)
65 5
fe=(2)
1461 1
-92 1
+92 1
-92 2
fi=(3)
68 4
+3 4
+1 4
fe=(2)
1554 2
cfi=(27)
cfn=(72)
calls=1 681 
* 1823
+3 3
cfi=(33)
cfn=(96)
calls=1 46 
* 18
+7 1
-7 1
+2 1
+5 1
+4 1
+3 1
-3 3
+1 2
+3 1
+5 1
-7 1
+7 1
+18 2
+1 2
+5 1
-3 2
+2 1
+1 2
+5 3
+1 5
-1 2
+15 3
+1 1
-2 1
+2 3
+18 1
cfi=(34)
cfn=(98)
calls=1 108 
* 6
* 1
+8 3
+3 2
+4 3
+5 2
+1 1
cfi=(33)
cfn=(100) _dl_debug_state
calls=1 73 
* 2
+1 1
+4 3
+16 3
+2 1
+2 2
+8 2
+15 3
cfi=(47)
cfn=(146)
calls=1 25 
* 9
* 2
+76 4
66 1
1805 1
66 2
1805 1
66 1
1805 6
cfi=(48) /build/glibc-SzIz7B/glibc-2.31/elf/dl-deps.c
cfn=(148) _dl_map_object_deps
calls=1 159 
* 28161
73 1
1810 1
73 2
+9 2
1810 2
+1 5
-1 4
+1 12
-1 24
+4 3
+1 3
+1 1
+2 3
+1 4
-1 15
+1 24
+12 1
+1 1
-1 2
+1 2
+2 1
+2 3
+2 1
-4 1
+5 1
-1 2
+14 2
+1 2
+1 3
1609 2
+6 1
-6 2
+6 1
-37 6
fi=(3)
181 3
-20 2
fe=(2)
1567 4
1865 1
+1 1
-1 1
+2 4
-2 3
+2 1
cfi=(36) /build/glibc-SzIz7B/glibc-2.31/elf/dl-error-skeleton.c
cfn=(182) _dl_receive_error
calls=1 238 
* 15422
+10 1
+1 1
-1 1
+1 1
+3 2
817 1
fi=(179) /build/glibc-SzIz7B/glibc-2.31/elf/../sysdeps/unix/sysv/linux/dl-osinfo.h
64 2
fe=(2)
819 1
fi=(179)
77 1
fe=(2)
828 1
+7 1
-5 1
1886 3
2116 3
+60 1
+6 1
-10 1
+10 1
-6 1
+9 2
+8 1
fi=(21)
33 3
cfi=(59) /build/glibc-SzIz7B/glibc-2.31/elf/../sysdeps/x86/dl-cet.c
cfn=(196) _dl_cet_check
calls=1 343 
* 31
fe=(2)
2239 3
+3 1
66 2
2246 1
66 2
2247 25
+2 14
+5 14
+2 14
+6 7
+2 14
+1 48
cfi=(60) /build/glibc-SzIz7B/glibc-2.31/elf/dl-reloc.c
cfn=(200) _dl_relocate_object
calls=6 148 
* 2110772
+4 18
+1 6
cfi=(34)
cfn=(300)
calls=2 887 
* 56
* 2
+13 4
+2 1
+7 3
cfi=(34)
cfn=(338)
calls=1 437 
* 205
+3 2
-37 1
+1 1
-3 2
73 3
+1 1
2278 1
74 1
2278 1
1829 5
2304 3
+2 2
+24 1
cfi=(7)
cfn=(340)
calls=1 258 
* 2
+4 3
+21 3
cfi=(33)
cfn=(96)
calls=1 46 
* 9
+1 1
-1 1
+2 1
cfi=(33)
cfn=(100)
calls=1 73 
* 2
+1 1
+4 1
cfi=(50)
cfn=(342)
calls=1 348 
* 17
+5 8
2583 4
+2 2
+1 1
+46 2
+2 2
+1 1
fi=(25)
30 5
+3 1
+3 1
+3 1
fi=(24)
+16 2
fe=(2)
+11 1
2319 1
+1 3
66 3
2320 2
cfi=(60)
cfn=(200)
calls=1 148 
* 7336
73 3
+9 3
fi=(21)
+31 2
+3 1
+4 1
fe=(2)
1879 1
cfn=(190)
calls=1 699 
* 629
* 2
66 1
1690 1
66 2
1690 1
66 1
1690 2
cfn=(102)
calls=1 858 
* 3223
* 1
73 3
+9 3
1789 17
+1 1
-1 1
+4 3
+1 1
+1 2
+1 2
-7 2

fn=(116) map_doit
606 2
+2 1
-2 1
+2 1
+1 2
-1 2
+1 3
cfi=(27)
cfn=(118)
calls=1 1927 
* 2754
* 1
+2 2

fn=(2)
463 10
66 3
fi=(5)
-7 1
fe=(2)
+7 1
fi=(3)
-18 1
fi=(5)
+11 2
fe=(2)
507 1
-3 1
fi=(3)
48 2
+15 1
+5 1
+3 1
+1 1
+1 1
-4 1
-2 1
-3 2
-1 20
+1 12
-16 4
+26 4
-26 8
+2 36
+23 13
-25 13
+26 13
-26 27
+26 1
-26 2
+33 2
+20 4
+1 4
+1 4
+1 4
+2 4
+5 4
+1 4
+1 4
+5 3
+5 2
+7 3
+1 3
+8 3
+3 3
+4 2
+1 2
fe=(2)
518 2
+7 1
66 1
430 1
66 3
430 1
cfi=(6)
cfn=(10)
calls=1 961 
* 24
+1 1
+18 2
-18 1
+1 2
+1 2
+1 2
+9 1
+6 1
cfi=(7)
cfn=(12)
calls=1 89 
* 2187602
* 1
+2 2
+99 9
fi=(3)
65 5
+3 4
fe=(2)
523 25
fi=(4) /build/glibc-SzIz7B/glibc-2.31/elf/do-rel.h
84 1
-1 1
+28 3
+1 2
fi=(5)
541 2
fi=(4)
112 82
fi=(5)
541 82
+1 42
fi=(4)
111 42
fi=(5)
542 84
fi=(4)
111 84
+5 2
fi=(5)
421 1
fi=(4)
124 2
fi=(5)
333 18
fi=(4)
124 27
+12 9
+3 9
-3 9
fi=(5)
301 9
fi=(4)
139 9
-3 9
+1 18
fi=(5)
301 18
+8 90
+3 18
+21 45
fi=(3)
71 4
+1 3
+1 2
fi=(5)
353 18
+1 9
fe=(2)

fn=(52) rtld_lock_default_lock_recursive
801 129
+1 129
+1 129

fn=(184) version_check_doit
639 3
+2 4
cfi=(58) /build/glibc-SzIz7B/glibc-2.31/elf/dl-version.c
cfn=(186) _dl_check_all_versions
calls=1 362 
* 15394
* 2
+4 2

fl=(28)
fn=(74)
42 6
+1 1
-1 5
+1 1
-1 1
+1 1
-1 1
+1 2
-1 1
+1 1
cfi=(8)
cfn=(26)
calls=1 368 
* 20
* 1
+2 1
+1 2
-1 1
+1 1
+9 1
-12 1
+12 4
+1 6
+1 1
-1 2
-1 12
+10 3
193 3
+2 1
+1 2
+1 4
+3 1
+1 1
-1 1
+4 2
+3 5
+4 7
+1 2
+2 2
+1 2
+1 2
-1 1
+1 1
-1 2
+9 2
+6 10
+1 2
-1 1
+1 2
cob=(2)
cfi=(18)
cfn=(44)
calls=1 0 
* 27
+1 4
-1 1
+1 1
+31 10
+3 4
+7 3
+10 9
-4 2
-3 1
+3 1
cfi=(20)
cfn=(78)
calls=1 114 
* 17
* 2
-3 1
+3 1
cfi=(20)
cfn=(78)
calls=1 114 
* 17
+3 2
-3 6
+3 4
+1 12
+1 5
cfi=(20)
cfn=(78)
calls=1 114 
* 15
* 2
-2 2
+5 6
cfi=(20)
cfn=(78)
calls=2 114 
* 30
* 4
+2 6
-7 3
+13 1
-1 1
+1 2
-1 2
+1 7
-1 7
+1 14
-1 18
+5 9
+4 4
-4 12
+4 44
+1 24
-1 24
+1 24
-1 24
-1 24
+4 9
+3 1
+2 2
-1 1
-1 1
+2 1
-2 1
+2 3
-1 1
+1 2
+2 6
+1 2
+3 2
-6 5
+13 7
+1 1
-1 2
+3 2
-3 3
+1 3
-1 6
+3 6
+3 3
+3 9
148 7
+1 1
-1 2
+37 3
+5 2
-5 1
+5 5
-4 10
fi=(29) /build/glibc-SzIz7B/glibc-2.31/elf/../sysdeps/x86/dl-hwcap.h
57 6
fe=(28)
188 1
+1 1
cfi=(14)
cfn=(30)
calls=1 41 
* 17
+1 5
-5 1
+4 1
+1 1
-5 5
-37 10
+37 2
316 1
+1 2
-6 6
-94 4
-2 3

fl=(43)
fn=(136)
48 26
+3 52
-3 104
+6 52
+5 156
+2 78
-7 18

fl=(49)
fn=(158)
33 32
+1 16
+1 32
+4 1
-4 28

fl=(6)
fn=(212) check_match
75 28249
+3 4346
+13 8672
-13 8672
+13 4336
+3 4596
cfi=(22)
cfn=(58)
calls=65 +17 
* 3283
* 130
+4 2168
+1 4336
+2 4332
+19 4332
+1 17328
+2 4
+1 4
+36 2167
+7 13002
-18 4
+2 4
+1 2
-1 4
+1 6
-1 4
+4 2
+1 7
+2 3
+2 1
+7 36
-45 6492
cfi=(22)
cfn=(58)
calls=2164 -11 
* 68422
* 4328
-44 20
+82 10

fn=(10)
961 7
+3 21
+2 7
+2 14
+2 7
-1 7
+3 21
+1 7
+4 7
-3 7
+7 7
-7 7
+3 7
-1 7
+3 7
+2 7
-7 7
+7 7
+5 7

fn=(210) do_lookup_x
368 17504
+1 2188
-1 13128
+48 2188
+35 6564
-65 2188
-11 2188
+41 2188
-30 4376
+65 4376
-51 20622
+4 6874
+4 6874
-3 6874
+3 13748
+1 20622
+3 6874
+1 13748
+7 13748
-3 13748
-2 6874
+5 20622
+3 48118
571 14124
379 13752
+3 13752
+4 13764
+4 13748
+4 13748
+88 4336
fi=(61) /build/glibc-SzIz7B/glibc-2.31/elf/../sysdeps/generic/ldsodefs.h
126 6504
fe=(6)
533 4336
+3 11176
+16 10230
+2 4336
427 6690
-1 4460
+2 4460
+2 2224
+6 6672
-6 2224
+6 20016
+7 9726
-10 27045
+3 2173
-1 4346
+1 4346
-1 2173
+2 4346
-1 26076
cfn=(212)
calls=2173 75 
* 189302
+4 6531
574 20
+1 17504
-35 4443
227 244
-1 122
+3 244
-2 122
+2 244
+2 122
-2 366
cfi=(2)
cfn=(52)
calls=122 801 
* 366
+2 122
+1 122
+1 244
-2 122
+2 122
+2 242
+1 121
-1 363
+1 121
-1 121
+1 242
-1 363
+1 242
-1 1232
+24 426
+3 132
+1 396
-24 1012
+1 80
cfi=(22)
cfn=(58)
calls=40 111 
* 2836
* 80
+2 200
+10 40
+1 160
+2 160
cfi=(2)
cfn=(54)
calls=40 807 
* 120
+1 40
474 115
+2 2
267 1215
+61 656
+19 574
+5 328
cfi=(2)
cfn=(54)
calls=82 807 
* 246
+2 328
181 518
-2 84
+1 252
-3 332
+8 164
-1 82
+1 82
+2 82
-2 82
336 328
-72 132
+46 2
+9 4
cob=(2)
cfi=(18)
cfn=(40)
calls=1 0 
* 38
* 1
+1 2
+3 1
+1 2
-6 1
+7 1
-1 1
+1 1
-7 1
+7 368
-51 8
cfi=(38)
cfn=(336) _dl_higher_prime_number
calls=2 +26 
* 159
+2 4
-2 2
+2 2
cob=(2)
cfi=(18)
cfn=(40)
calls=2 0 
* 116
* 2
+1 4
+7 296
+1 276
+1 140
175 70
286 140
175 70
286 70
175 70
+1 70
-1 70
+1 210
+1 440
+2 14
+1 42
-3 168
+8 70
-1 70
+1 70
+2 70
-2 70
+3 70
-7 10
290 18
cfi=(19)
cfn=(94)
calls=2 109 
* 10
+1 2
+2 2
-19 2
+20 4
-3 2
+2 2
+1 15189

fn=(208)
841 21880
582 2188
841 8752
582 6564
-1 4376
+2 4376
-1 2188
+1 6564
-1 6564
+1 183210
-1 91605
+1 274815
-1 277003
847 2188
-4 2188
+1 2188
+7 2188
-8 2188
+1 2188
+7 6520
+3 10940
+6 4376
-7 13128
+7 120
+1 28444
cfn=(210)
calls=2188 368 
* 760237
* 8732
+5 4376
+24 17344
+40 8672
+14 6504
+3 8672
+5 2168
+2 19692
-86 120
+17 20
+1 40
+59 2

fl=(14)
fn=(30)
41 28
+38 28
+1 28
+1 28
+1 28
+1 28
+1 28
+1 28
+2 28
+2 28
+31 28
+1 28
+1 28
+1 28
+1 28
+1 13
+2 13
+4 15
+1 15
+1 15
+1 15
+1 15
+1 15
+1 15
+1 15
+1 15
+1 15
+1 15
+1 15
+5 114
+74 3
+1 3
+1 3
+1 3
+1 3
+1 3
+1 3
+1 3
+16 3
+2 3
+1 42
+2 3
+1 3
+1 3
+2 3

fl=(15)
fn=(32)
32 5
+8 6
+4 2
+16 5

fl=(31)
fn=(88)
23 18
+1 18
+1 18
+1 18
+1 18
+1 18
+1 18
+1 18
+1 18
+1 18
+1 18
+1 18
+1 18
+1 18
+1 18
+1 18
+1 18
+1 18
+1 14
+4 14
+1 14
+1 14
+1 14
+2 14
+4 4
+1 4
+1 4
+1 4
+1 4
+1 4
+1 4
+1 4
+1 4
+1 4
+1 4
+1 4
+1 4
+1 4
+1 4
+1 4
+1 4
+1 4
+1 4
+1 4
+1 4
+1 4
+1 4
+1 6
+5 1
+1 1
+3 1
+1 1
+1 1
+1 1
+1 1
+1 1
+1 1
+1 1
+1 1
+1 1
+1 1
+1 1
+1 1
+1 1
+1 1
+1 1
+1 1
+1 1
+2 1
+1 1
+2 1
+1 1
+1 1
+1 1
+1 1
+1 1
+1 1
+1 1
+2 1
+1 1
+1 1
+1 1
+1 1
+1 1
+1 1
+1 1
+1 1
+1 1
+3 1
+4 1
+1 1
+1 1
+1 1
+2 1
-9 3
+4 3
+1 3
+1 3
+1 3
+2 3

fl=(58)
fn=(186)
362 6
+4 5
-2 2
+4 42
cfn=(188) _dl_check_map_versions
calls=7 156 
* 15283
-2 7
+2 28
-2 14
+5 7

fn=(188)
156 56
+15 7
-15 14
+15 14
+2 7
+3 14
-3 7
+2 7
+1 7
-1 7
+3 14
+3 10
-16 5
-8 5
+28 5
-4 5
+4 30
+16 5
37 10
201 5
37 25
201 6
37 12
201 6
37 30
+1 47
-1 94
+2 174
cfi=(38)
cfn=(120)
calls=58 282 
* 4733
* 116
209 33
+5 11
-71 22
+71 22
-71 33
+79 11
-2 11
-2 22
+4 11
-4 66
+4 22
-2 22
-2 44
+4 22
-4 177
57 27
+8 27
-8 72
+8 72
+6 99
+16 33
+1 66
+2 33
+5 231
+14 650
+12 876
+4 292
-30 584
225 132
+3 99
+5 22
-11 22
111 33
+3 132
cfi=(22)
cfn=(58)
calls=33 -3 
* 1390
* 143
237 44
+5 12
-44 6
+1 6
+11 5
+41 20
+3 20
+10 206
-7 412
+3 309
-3 20
+3 15
+8 12
+89 63
165 2
+86 2
-94 2
+94 3
+23 24
cob=(2)
cfi=(18)
cfn=(40)
calls=6 0 
* 267
-1 6
+1 6
+1 12
+13 6
-3 6
+3 12
+2 18
+3 20
+4 33
+7 33
+1 33
-1 66
+1 33
-1 33
+1 33
+1 33
-2 33
+2 66
+1 99
+3 99
+5 22
-15 22
+2 22
-2 22
+2 22
-2 22
+2 44
-2 11
+2 11
-2 11
+2 11
-2 11
+2 22
+16 33
+5 6
-28 6
+33 18
+3 20
+4 103
+6 103
+1 103
+1 103
-1 309
+1 103
-1 103
+1 103
+1 103
+3 309
+4 103
-14 216
+10 15

fl=(48)
fn=(152) openaux
61 33
+7 11
-4 22
+1 11
-1 88
cfi=(27)
cfn=(118)
calls=11 1927 
* 23316
* 11
+5 22

fn=(148)
159 2
+1 3
-1 2
+1 1
-1 1
+1 1
-1 5
+1 3
-1 1
+1 1
-1 1
+1 7
-15 1
+15 2
-8 1
-6 1
-1 1
+15 1
-16 1
+8 3
-6 1
+6 1
+24 3
-28 3
-2 1
+31 1
-33 2
+2 5
-1 4
+7 4
+24 7
+4 1
fi=(56) /build/glibc-SzIz7B/glibc-2.31/elf/../include/scratch_buffer.h
77 3
fe=(48)
198 1
fi=(56)
78 1
fe=(48)
200 2
+87 1
-89 1
+4 1
+7 1
+4 4
-4 6
+4 24
+11 18
-18 2
+18 4
433 21
+2 5
+3 5
-3 10
+3 10
cob=(2)
cfi=(18)
cfn=(44)
calls=5 0 
* 135
* 5
+1 10
+6 5
+1 25
cfi=(20)
cfn=(48)
calls=5 127 
* 63
+1 25
cfi=(20)
cfn=(48)
calls=5 127 
* 63
+4 5
-1 5
+5 28
202 18
458 18
-1 7
+1 14
199 3
+27 5
+11 5
-5 5
-6 10
+5 5
+2 10
+1 10
+3 20
+66 5
-97 5
+97 5
-66 5
+66 10
-65 15
+6 20
cfi=(27)
cfn=(150)
calls=5 -13 
* 234
* 24
cfi=(27)
cfn=(150)
calls=6 -13 
* 300
* 33
+4 33
-2 11
+2 11
cob=(2)
cfi=(18)
cfn=(110) 0x0000000004001090
calls=11 0 
* 24185
+1 22
+9 11
+2 22
+5 25
+6 5
+2 5
-8 10
+3 5
+1 5
+1 5
+1 5
+4 25
+4 33
+1 24
-43 548
+1 264
+44 378
-38 22
fi=(56)
85 3
fe=(48)
464 6
+1 1
+3 5
+11 4
cob=(2)
cfi=(18)
cfn=(44)
calls=1 0 
* 27
* 1
+2 2
+5 6
+1 1
+2 4
+2 1
+4 3
+4 2
-10 3
+2 6
+4 18
+4 12
-10 18
+13 2
+51 3
+2 1
-1 1
+1 2
+35 5
cfi=(20)
cfn=(48)
calls=1 127 
* 19
+4 5
cfi=(57)
cfn=(180)
calls=1 28 
* 784
+3 1
+2 1
+1 1
-1 1
+2 2
+7 3
+3 3
+3 8
214 46
+3 5
fi=(56)
-86 15
cfi=(55) /build/glibc-SzIz7B/glibc-2.31/malloc/scratch_buffer_set_array_size.c
cfn=(176) __libc_scratch_buffer_set_array_size
calls=5 30 
* 90
fe=(48)
+86 10
+4 15
-61 2
380 12

fl=(59)
fn=(198) dl_cet_check
97 7
+3 1
-1 1
+4 1
-4 1
+3 1
+4 2
+1 2
-1 2
+6 1
+5 2
326 8

fn=(196)
343 1
+1 1
cfn=(198)
calls=1 97 
* 29

fl=(60)
fn=(200)
148 77
+15 7
-15 14
+15 7
+1 35
+6 14
+6 35
-18 12
+22 12
+7 28
+40 7
fi=(5)
76 7
fe=(60)
227 14
fi=(5)
76 21
+6 10
+4 15
+14 5
-8 5
+8 10
+20 10
+11 20
fe=(60)
255 258
-96 5
fi=(5)
481 15
fe=(60)
159 10
+96 5
fi=(4)
48 5
fe=(60)
255 5
fi=(4)
47 5
+11 5
-11 10
+11 10
fe=(60)
255 2
-96 2
fi=(5)
481 6
fe=(60)
159 4
+96 2
fi=(4)
48 2
fe=(60)
255 2
fi=(4)
47 2
+11 2
-11 4
+11 4
fe=(60)
255 7
fi=(4)
48 7
fe=(60)
255 7
fi=(4)
47 7
+11 7
-11 14
+11 14
-7 5
-1 10
+11 10
fi=(5)
552 2172
+4 2172
+3 3258
+1 1086
fi=(4)
61 3420
+2 4568
+2 170
-4 6
+13 10
+1 14
+1 112
fi=(5)
552 56
+25 112
+2 56
cob=(4)
cfi=(105) /build/glibc-SzIz7B/glibc-2.31/math/../sysdeps/x86_64/fpu/multiarch/s_sin.c
cfn=(334) sin
calls=1 27 
* 9
cob=(4)
cfi=(116) /build/glibc-SzIz7B/glibc-2.31/math/../sysdeps/x86_64/fpu/multiarch/e_atan2.c
cfn=(332) __atan2_finite@GLIBC_2.15
calls=1 26 
* 9
cob=(4)
cfi=(115) /build/glibc-SzIz7B/glibc-2.31/math/../sysdeps/x86_64/fpu/multiarch/e_exp2f.c
cfn=(330) exp2f@@GLIBC_2.27
calls=1 27 
* 9
cob=(4)
cfi=(112) /build/glibc-SzIz7B/glibc-2.31/math/../sysdeps/x86_64/fpu/multiarch/e_asin.c
cfn=(328) __asin_finite@GLIBC_2.15
calls=1 27 
* 9
cob=(4)
cfi=(114) /build/glibc-SzIz7B/glibc-2.31/math/../sysdeps/x86_64/fpu/multiarch/s_sinf.c
cfn=(326) sinf
calls=1 26 
* 9
cob=(4)
cfi=(112)
cfn=(322) __acos_finite@GLIBC_2.15
calls=1 35 
* 9
cob=(4)
cfi=(111) /build/glibc-SzIz7B/glibc-2.31/math/../sysdeps/x86_64/fpu/multiarch/e_log.c
cfn=(320) __log_finite@GLIBC_2.15
calls=1 27 
* 9
cob=(4)
cfi=(110) /build/glibc-SzIz7B/glibc-2.31/math/../sysdeps/x86_64/fpu/multiarch/e_log2f.c
cfn=(318) log2f@@GLIBC_2.27
calls=1 27 
* 9
cob=(4)
cfi=(109) /build/glibc-SzIz7B/glibc-2.31/math/../sysdeps/x86_64/fpu/multiarch/e_pow.c
cfn=(316) __pow_finite@GLIBC_2.15
calls=1 27 
* 9
cob=(4)
cfi=(108) /build/glibc-SzIz7B/glibc-2.31/math/../sysdeps/x86_64/fpu/multiarch/e_powf.c
cfn=(314) powf@@GLIBC_2.27
calls=1 30 
* 9
cob=(4)
cfi=(107) /build/glibc-SzIz7B/glibc-2.31/math/../sysdeps/x86_64/fpu/multiarch/s_sincosf.c
cfn=(312) sincosf
calls=1 26 
* 9
cob=(4)
cfi=(106) /build/glibc-SzIz7B/glibc-2.31/math/../sysdeps/x86_64/fpu/multiarch/e_logf.c
cfn=(310) logf@@GLIBC_2.27
calls=1 27 
* 9
cob=(4)
cfi=(105)
cfn=(308) cos
calls=1 34 
* 9
cob=(4)
cfi=(104) /build/glibc-SzIz7B/glibc-2.31/math/../sysdeps/x86_64/fpu/multiarch/e_expf.c
cfn=(306) expf@@GLIBC_2.27
calls=1 27 
* 9
cob=(4)
cfi=(103) /build/glibc-SzIz7B/glibc-2.31/math/../sysdeps/x86_64/fpu/multiarch/e_exp.c
cfn=(304) __exp_finite@GLIBC_2.15
calls=1 27 
* 9
cob=(4)
cfi=(102) /build/glibc-SzIz7B/glibc-2.31/math/../sysdeps/x86_64/fpu/multiarch/s_cosf.c
cfn=(302) cosf
calls=1 26 
* 9
cob=(3)
cfi=(101) /build/glibc-SzIz7B/glibc-2.31/string/../sysdeps/x86_64/multiarch/strncase_l.c
cfn=(298) strncasecmp_l
calls=1 31 
* 6
cob=(3)
cfi=(100) /build/glibc-SzIz7B/glibc-2.31/string/../sysdeps/x86_64/multiarch/strchrnul.c
cfn=(296) strchrnul
calls=1 31 
* 10
cob=(3)
cfi=(98) /build/glibc-SzIz7B/glibc-2.31/wcsmbs/../sysdeps/x86_64/multiarch/wmemcmp.c
cfn=(292) wmemcmp
calls=1 29 
* 13
cob=(3)
cfi=(97) /build/glibc-SzIz7B/glibc-2.31/string/../sysdeps/x86_64/multiarch/stpcpy.c
cfn=(290) stpcpy
calls=1 33 
* 9
cob=(3)
cfi=(96) /build/glibc-SzIz7B/glibc-2.31/string/../sysdeps/x86_64/multiarch/stpncpy.c
cfn=(288) stpncpy
calls=1 31 
* 9
cob=(3)
cfi=(95) /build/glibc-SzIz7B/glibc-2.31/string/../sysdeps/x86_64/multiarch/strspn.c
cfn=(286) strspn
calls=1 29 
* 7
cob=(3)
cfi=(94) /build/glibc-SzIz7B/glibc-2.31/wcsmbs/../sysdeps/x86_64/multiarch/wcslen.c
cfn=(284) wcslen
calls=1 29 
* 10
cob=(3)
cfi=(93) /build/glibc-SzIz7B/glibc-2.31/string/../sysdeps/x86_64/multiarch/memchr.c
cfn=(282) memchr
calls=1 29 
* 10
cob=(3)
cfi=(92) /build/glibc-SzIz7B/glibc-2.31/string/../sysdeps/x86_64/multiarch/strcasecmp_l.c
cfn=(280) strcasecmp_l
calls=1 31 
* 6
cob=(3)
cfi=(91) /build/glibc-SzIz7B/glibc-2.31/string/../sysdeps/x86_64/multiarch/memrchr.c
cfn=(278) memrchr
calls=1 29 
* 10
cob=(3)
cfi=(90) /build/glibc-SzIz7B/glibc-2.31/string/../sysdeps/x86_64/multiarch/strlen.c
cfn=(276) strlen
calls=1 29 
* 10
cob=(3)
cfi=(89) /build/glibc-SzIz7B/glibc-2.31/string/../sysdeps/x86_64/multiarch/strchr.c
cfn=(274) index
calls=1 49 
* 9
cob=(3)
cfi=(88) /build/glibc-SzIz7B/glibc-2.31/string/../sysdeps/x86_64/multiarch/strpbrk.c
cfn=(272) strpbrk
calls=1 29 
* 7
cob=(3)
cfi=(87) /build/glibc-SzIz7B/glibc-2.31/wcsmbs/../sysdeps/x86_64/multiarch/wcscpy.c
cfn=(270) wcscpy
calls=1 43 
* 7
cob=(3)
cfi=(85) /build/glibc-SzIz7B/glibc-2.31/wcsmbs/../sysdeps/x86_64/multiarch/wmemset.c
cfn=(266) wmemset
calls=2 31 
* 34
cob=(3)
cfi=(84) /build/glibc-SzIz7B/glibc-2.31/wcsmbs/../sysdeps/x86_64/multiarch/wcsnlen.c
cfn=(264) wcsnlen
calls=1 49 
* 9
cob=(3)
cfi=(83) /build/glibc-SzIz7B/glibc-2.31/string/../sysdeps/x86_64/multiarch/memcpy.c
cfn=(260) memcpy@@GLIBC_2.14
calls=1 29 
* 17
cob=(3)
cfi=(82) /build/glibc-SzIz7B/glibc-2.31/string/../sysdeps/x86_64/multiarch/strcpy.c
cfn=(258) strcpy
calls=1 29 
* 9
cob=(3)
cfi=(81) /build/glibc-SzIz7B/glibc-2.31/string/../sysdeps/x86_64/multiarch/strncase.c
cfn=(256) strncasecmp
calls=1 31 
* 6
cob=(3)
cfi=(80) /build/glibc-SzIz7B/glibc-2.31/string/../sysdeps/x86_64/multiarch/strcspn.c
cfn=(254) strcspn
calls=1 29 
* 7
cob=(3)
cfi=(79) /build/glibc-SzIz7B/glibc-2.31/string/../sysdeps/x86_64/multiarch/strnlen.c
cfn=(252) strnlen
calls=2 31 
* 20
cob=(3)
cfi=(78) /build/glibc-SzIz7B/glibc-2.31/wcsmbs/../sysdeps/x86_64/multiarch/wcschr.c
cfn=(250) wcschr
calls=2 31 
* 20
cob=(3)
cfi=(76) /build/glibc-SzIz7B/glibc-2.31/string/../sysdeps/x86_64/multiarch/memset.c
cfn=(246) memset
calls=1 29 
* 19
cob=(3)
cfi=(75)
cfn=(244)
calls=1 53 
* 9
cob=(3)
cfi=(74) /build/glibc-SzIz7B/glibc-2.31/string/../sysdeps/x86_64/multiarch/strncmp.c
cfn=(242) strncmp
calls=1 54 
* 9
cob=(3)
cfi=(72) /build/glibc-SzIz7B/glibc-2.31/string/../sysdeps/x86_64/multiarch/memcmp.c
cfn=(238) bcmp
calls=1 29 
* 13
cob=(3)
cfi=(71) /build/glibc-SzIz7B/glibc-2.31/string/../sysdeps/x86_64/multiarch/mempcpy.c
cfn=(234) mempcpy
calls=1 33 
* 17
cob=(3)
cfi=(70) /build/glibc-SzIz7B/glibc-2.31/wcsmbs/../sysdeps/x86_64/multiarch/wcscmp.c
cfn=(232) wcscmp
calls=1 30 
* 10
cob=(3)
cfi=(69) /build/glibc-SzIz7B/glibc-2.31/wcsmbs/../sysdeps/x86_64/multiarch/wmemchr.c
cfn=(230) wmemchr
calls=2 31 
* 20
cob=(3)
cfi=(68) /build/glibc-SzIz7B/glibc-2.31/string/../sysdeps/x86_64/multiarch/rawmemchr.c
cfn=(228) rawmemchr
calls=1 31 
* 10
cob=(3)
cfi=(67) /build/glibc-SzIz7B/glibc-2.31/string/../sysdeps/x86_64/multiarch/strrchr.c
cfn=(226) rindex
calls=1 28 
* 10
cob=(3)
cfi=(66) /build/glibc-SzIz7B/glibc-2.31/string/../sysdeps/x86_64/multiarch/strcat.c
cfn=(224) strcat
calls=1 29 
* 9
cob=(3)
cfi=(65) /build/glibc-SzIz7B/glibc-2.31/string/../sysdeps/x86_64/multiarch/strcasecmp.c
cfn=(222) strcasecmp
calls=1 31 
* 6
cob=(3)
cfi=(64) /build/glibc-SzIz7B/glibc-2.31/string/../sysdeps/x86_64/multiarch/strncpy.c
cfn=(220) strncpy
calls=1 29 
* 9
cob=(3)
cfi=(62) /build/glibc-SzIz7B/glibc-2.31/string/../sysdeps/x86_64/multiarch/memmove.c
cfn=(216) memmove
calls=2 29 
* 34
-27 56
+28 56
fi=(4)
75 170
fe=(60)
255 56
+3 28
+24 7
+3 14
+17 21
+2 56
177 14
+3 3
fi=(4)
-96 9
-1 9
+3 9
-3 9
+3 9
+12 9
-12 9
+12 18
+10 14
+10 9
+3 16
+3 16
-73 6
-1 6
fi=(5)
491 18
fi=(4)
127 13628
+9 6814
+1 3407
-1 6814
+1 3407
+2 3407
-2 3407
+2 6814
-1 6814
fi=(5)
276 6814
+21 6814
+4 6814
+7 13628
fi=(61)
126 10167
fi=(5)
308 47815
fi=(4)
138 2106
fi=(5)
308 2106
fi=(4)
138 2106
fi=(5)
308 2106
fi=(4)
138 2106
fi=(5)
308 4212
fi=(4)
138 2
fi=(5)
308 2
fi=(4)
138 2
fi=(5)
308 2
fi=(4)
138 2
fi=(5)
308 25300
cfi=(6)
cfn=(208)
calls=2108 841 
* 1737892
* 12648
+1 10167
+24 20438
457 10146
+1 3382
fi=(4)
124 10221
+19 30
fi=(5)
367 6
+1 12
+61 54
+4 72
+5 18
+9 18
-9 36
+9 36
-72 6
+11 2
-9 4
+9 4
497 6
+4 12
cfi=(20)
cfn=(48)
calls=2 127 
* 151
+2 6
+1 2
fi=(4)
111 20
+1 6
fi=(5)
536 6
fi=(4)
112 6
fi=(5)
536 12
fi=(4)
112 2091
fi=(5)
536 2091
fi=(4)
112 2091
fi=(5)
536 4182
+5 4194
+1 2097
fi=(4)
111 2097
fi=(5)
542 4194
fi=(4)
111 4194
+7 18
-67 1
160 5
+2 20
+9 15
-1 30
fi=(5)
276 10
+21 10
+4 10
+7 20
fi=(61)
126 15
fi=(5)
308 165
cfi=(6)
cfn=(208)
calls=5 841 
* 3299
* 35
+1 15
+24 66
-24 3444
+3 3390
-3 3390
+3 6780
+2 10
+3 4
+1 6
+1 4
+4 2
+7 2
cob=(3)
cfi=(62)
cfn=(216)
calls=1 29 
* 17
cob=(3)
cfi=(83)
cfn=(260)
calls=1 29 
* 17
* 4
+3 4
-25 85
+1 13488
fe=(60)
+1 35
+3 7
-3 7
+3 7
+4 14
+1 28
cfi=(53)
cfn=(170)
calls=7 78 
* 42
* 14
fi=(5)
124 20
-2 10
fe=(60)
255 6
fi=(5)
+53 12195
457 15
+1 5
fi=(4)
160 16
+14 3
fi=(5)
309 2
+3 2
-3 2
+3 4
-3 8
-1 32778
fe=(60)

fl=(17)
fn=(50)
31 12
+2 6
-2 12
+2 6
-2 12
+2 6
cfi=(2)
cfn=(52)
calls=6 801 
* 18
+2 41
+3 80
+2 5
+2 5
+4 5
+4 5
+1 5
-5 10
+1 10
+1 5
+3 5
-3 5
+3 5
-1 5
cfi=(2)
cfn=(54)
calls=5 807 
* 15
-4 1
+4 1
+1 1
-5 2
+1 2
+1 1
+3 1
-3 1
+3 1
-1 1
cfi=(2)
cfn=(54)
calls=1 807 
* 3
-5 2

fn=(38)
59 66
+3 6
-3 12
+3 12
+15 20
cfi=(14)
cfn=(30)
calls=5 -36 
* 129
* 25
+12 20
cob=(2)
cfi=(18)
cfn=(40)
calls=5 -89 
* 229
* 4
cob=(2)
cfi=(18)
cfn=(40)
calls=1 -89 
* 45
* 6
+3 12
+4 6
+5 6
-6 6
+6 6
-5 6
+5 6
-5 6
+5 6
-1 6
+1 6
-1 6
+1 6
cfi=(20)
cfn=(48)
calls=6 +26 
* 85
* 6
+15 12
-15 6
+15 6
-13 6
+13 22
+6 1
+2 7
+3 2
-3 35
+3 10
+2 6
+4 6
+3 20
+2 1
-2 3
+2 15
-2 45
+16 12
-5 6
+5 6
-6 6
+6 6
-6 6
+6 12
+2 10
+3 10
-3 10
+7 24
+4 10
+2 1
+6 1
+3 1
+10 2
-10 1
+10 1
-10 5
+10 10
-10 5
+10 5
+2 5
+21 5
-21 5
cfi=(14)
cfn=(30)
calls=5 41 
* 201
+4 5
-4 15
+17 5
-13 15
+50 15
cfi=(20)
cfn=(78)
calls=5 114 
* 97
* 5
+5 10
+1 10
-1 158
+1 158
+2 10
+3 5
+3 5
+4 54
128 12
+37 15
-15 1
+7 4
-21 10
+60 10
cob=(2)
cfi=(18)
cfn=(44)
calls=5 0 
* 135
* 5
+1 20
64 2
+1 6
+9 1
-5 2

fl=(10)
fn=(68)
46 5
+2 3
+85 5
-45 2
cfi=(26)
cfn=(70)
calls=1 -10 
* 6
+15 1
-15 2
+20 1
-1 1
+3 12
+4 3
-2 6
+2 9
+7 3
-1 3
+4 3
-2 3
+2 10
+5 2

fl=(36)
fn=(108) _dl_catch_error
225 10
+2 2
cob=(2)
cfi=(18)
cfn=(110)
calls=1 0 
* 2830
+1 2
+1 1
+1 1
-1 1
+1 1
+2 5

fn=(112) _dl_catch_exception
175 96
+3 24
+22 12
-1 12
+7 24
-6 12
+3 24
+3 12
cfi=(37)
cfn=(114)
calls=12 30 
* 288
* 48
+2 36
cfi=(48)
cfn=(152)
calls=11 61 
* 23514
cfi=(2)
cfn=(116)
calls=1 606 
* 2769
+2 12
-1 12
+1 12
-1 12
+1 24
+9 48

fn=(182)
238 6
+1 1
+1 1
+3 1
+1 1
+2 1
cfi=(2)
cfn=(184)
calls=1 639 
* 15405
+2 1
+1 1
+1 4

fl=(39)
fn=(124)
34 17
+3 17
-3 51
+3 102
+8 119
+2 6
-2 33
+2 11

fl=(55)
fn=(176)
30 5
+4 5
-4 5
+1 5
+3 5
-3 5
-1 5
+5 5
-5 10
+5 5
+11 5
-1 10
+18 20

fl=(38)
fn=(162)
44 2
+3 1
-3 6
+3 1
-3 1
+3 1
cfi=(39)
cfn=(124)
calls=1 -13 
* 19
+1 2
+23 7
-21 5
cfi=(42)
cfn=(132)
calls=1 -17 
* 11
* 2
+2 2
+3 2
+13 2
cfi=(46)
cfn=(144)
calls=1 -43 
* 6
* 1
-11 6
cfi=(43)
cfn=(136)
calls=1 -9 
* 20
* 2

fn=(336)
300 2
+38 2
-1 2
+3 2
+2 80
+1 37
-3 24
+18 2
+1 2
-15 6

fn=(120)
282 642
+1 214
cfi=(22)
cfn=(58)
calls=107 111 
* 2675
* 107
+1 107
-1 214
+3 107
+2 214
+4 104
-4 208
+1 366
cfi=(22)
cfn=(58)
calls=122 111 
* 3336
* 244
-5 18
+11 161
-1 89
+1 267

fl=(54)
fn=(174)
29 12
+1 24
+1 6

fl=(129) /build/glibc-SzIz7B/glibc-2.31/elf/../sysdeps/x86_64/dl-trampoline.h
fn=(460) _dl_runtime_resolve_xsave
67 10
+5 10
+3 10
+2 10
+10 10
+6 10
+1 10
+1 10
+1 10
+1 10
+1 10
+1 10
+4 10
+1 10
+3 10
+1 10
+2 10
+1 10
+1 10
+1 10
+1 10
+1 10
+2 10
+7 10
+1 10
+1 10
cfi=(130)
cfn=(462)
calls=10 -60 
* 8045
+1 10
+5 10
+1 10
+1 10
+2 10
+1 10
+1 10
+1 10
+1 10
+1 10
+1 10
+2 10
+2 10
+4 10
+3 10

fn=(461) _dl_runtime_resolve_xsave'2
67 65
+5 65
+3 65
+2 65
+10 65
+6 65
+1 65
+1 65
+1 65
+1 65
+1 65
+1 65
+4 65
+1 65
+3 65
+1 65
+2 65
+1 65
+1 65
+1 65
+1 65
+1 65
+2 65
+7 65
+1 65
+1 65
cfi=(130)
cfn=(462)
calls=65 -60 
* 60095
+1 65
+5 65
+1 65
+1 65
+2 65
+1 65
+1 65
+1 65
+1 65
+1 65
+1 65
+2 65
+2 65
+4 65
+3 65

fl=(42)
fn=(132)
33 24
+1 12
+1 24
+4 6

fl=(137) /build/glibc-SzIz7B/glibc-2.31/elf/dl-open.c
fn=(528) _dl_find_dso_for_object
201 9
+4 3
+1 4
+1 20
+1 2
-2 12
+5 2
+4 7

fl=(8)
fn=(14)
287 9
-9 5
67 116
+6 37
-3 37
+3 3295
+4 74
+5 74
fi=(9) /build/glibc-SzIz7B/glibc-2.31/elf/dl-tunables.h
+37 37
fe=(8)
-37 148
fi=(9)
+38 22
-1 77
+1 22
-1 37
+1 74
fe=(8)
328 148
-12 4810
fi=(9)
119 1998
+1 704
-1 447
+1 704
fe=(8)
310 3848
70 37
-3 74
362 8

fn=(26)
368 23
+3 138
+9 23
-9 86
+9 3
+17 115
+2 23
-9 20
+1 20

fl=(33)
fn=(100)
73 2
+1 2

fn=(96)
46 7
+3 14
+5 12
+5 2
-1 1
+1 2
+1 2
-1 1
+5 1
-14 7
+4 14
+3 1
+1 8

ob=(7)
fl=(128)
fn=(584)
0 6
cob=(2)
cfi=(18)
cfn=(470) 0x00000000048e42f0
calls=1 0 
0 74
0 5
cob=(2)
cfi=(18)
cfn=(470)
calls=1 0 
0 74

fn=(676)
0 6
cob=(2)
cfi=(18)
cfn=(470)
calls=1 0 
0 74
0 4
cob=(2)
cfi=(18)
cfn=(470)
calls=1 0 
0 74
0 5
cob=(2)
cfi=(18)
cfn=(470)
calls=1 0 
0 74

fn=(736) std::ctype<char>::ctype(unsigned short const*, bool, unsigned long)
0 15
cob=(2)
cfi=(18)
cfn=(738) 0x00000000048e5fc0
calls=1 0 
0 2951
0 101

fn=(890) std::__cxx11::moneypunct<wchar_t, true>::_M_initialize_moneypunct(__locale_struct*, char const*)
0 109

fn=(970) std::messages<char>::messages(unsigned long)
0 13
cob=(2)
cfi=(18)
cfn=(738)
calls=1 0 
0 12
0 2
cob=(2)
cfi=(18)
cfn=(726) 0x00000000048e40d0
calls=1 0 
0 5
0 5

fn=(1000) std::moneypunct<wchar_t, false>::_M_initialize_moneypunct(__locale_struct*, char const*)
0 109

fn=(1036) std::messages<wchar_t>::messages(unsigned long)
0 13
cob=(2)
cfi=(18)
cfn=(738)
calls=1 0 
0 12
0 2
cob=(2)
cfi=(18)
cfn=(726)
calls=1 0 
0 5
0 5

fn=(1062) std::locale::locale(std::locale::_Impl*)
0 3

fn=(1100) std::basic_ios<char, std::char_traits<char> >::_M_cache_locale(std::locale const&)
0 32
cob=(2)
cfi=(18)
cfn=(1102) 0x00000000048e6f50
calls=4 0 
0 3072
0 16
cob=(2)
cfi=(18)
cfn=(1124) 0x00000000048e33c0
calls=4 0 
0 1604
0 12
cob=(2)
cfi=(18)
cfn=(1130) 0x00000000048e5eb0
calls=4 0 
0 1787
0 16
cob=(2)
cfi=(18)
cfn=(1138) 0x00000000048e3800
calls=4 0 
0 1806
0 12
cob=(2)
cfi=(18)
cfn=(1144) 0x00000000048e32e0
calls=4 0 
0 1787
0 16
cob=(2)
cfi=(18)
cfn=(1150) 0x00000000048e4700
calls=4 0 
0 1806
0 20

fn=(1114) __cxxabiv1::__vmi_class_type_info::__do_dyncast(long, __cxxabiv1::__class_type_info::__sub_kind, __cxxabiv1::__class_type_info const*, void const*, __cxxabiv1::__class_type_info const*, void const*, __cxxabiv1::__class_type_info::__dyncast_result&) const
0 480
cob=(2)
cfi=(18)
cfn=(1116) 0x00000000048e5d30
calls=8 0 
0 990
0 56

fn=(1260) std::istream::sentry::sentry(std::istream&, bool)
0 21
cob=(2)
cfi=(18)
cfn=(1262) 0x00000000048e5530
calls=1 0 
0 1517
0 76
cfn=(1326) __gnu_cxx::stdio_sync_filebuf<char, std::char_traits<char> >::uflow()
calls=5 0 
0 140
0 25
cfn=(1282) __gnu_cxx::stdio_sync_filebuf<char, std::char_traits<char> >::underflow()
calls=5 0 
0 1229
0 11
cfn=(1282)
calls=1 0 
0 2139
0 23

fn=(490) std::future_category()
0 7
cob=(2)
cfi=(18)
cfn=(492) 0x00000000048e5800
calls=1 0 
0 733
0 6
cob=(2)
cfi=(18)
cfn=(470)
calls=1 0 
0 74
0 2
cob=(2)
cfi=(18)
cfn=(498) 0x00000000048e4030
calls=1 0 
0 710
0 3

fn=(1106) bool std::has_facet<std::ctype<char> >(std::locale const&)
0 20
cob=(2)
cfi=(18)
cfn=(764) 0x00000000048e44f0
calls=4 0 
0 32
0 48
cob=(2)
cfi=(18)
cfn=(1108) 0x00000000048e5ef0
calls=4 0 
0 2047
0 20

fn=(1128) std::ctype<char> const& std::use_facet<std::ctype<char> >(std::locale const&)
0 20
cob=(2)
cfi=(18)
cfn=(764)
calls=4 0 
0 32
0 44
cob=(2)
cfi=(18)
cfn=(1108)
calls=4 0 
0 576
0 16

fn=(1178) std::ctype<wchar_t> const& std::use_facet<std::ctype<wchar_t> >(std::locale const&)
0 20
cob=(2)
cfi=(18)
cfn=(764)
calls=4 0 
0 32
0 44
cob=(2)
cfi=(18)
cfn=(1108)
calls=4 0 
0 364
0 16

fn=(484)
0 3
cob=(2)
cfi=(18)
cfn=(486) 0x00000000048e4240
calls=1 0 
0 2282
0 4

fn=(742) std::locale::facet::_S_get_c_locale()
0 139
cfn=(744) 0x00000000000bc260
calls=1 0 
0 2041
0 3

fn=(762) std::locale::_Impl::_M_install_facet(std::locale::id const*, std::locale::facet const*)
0 448
cob=(2)
cfi=(18)
cfn=(764)
calls=32 0 
0 1259
0 11680

fn=(768) std::locale::id::_M_id() const
0 1044

fn=(916) std::numpunct<char>::_M_initialize_numpunct(__locale_struct*)
0 414

fn=(946) std::moneypunct<char, true>::_M_initialize_moneypunct(__locale_struct*, char const*)
0 113

fn=(982) std::numpunct<wchar_t>::_M_initialize_numpunct(__locale_struct*)
0 350

fn=(1082) std::ios_base::_M_init()
0 112
cob=(2)
cfi=(18)
cfn=(706) 0x00000000048e45c0
calls=8 0 
0 208
0 24
cob=(2)
cfi=(18)
cfn=(1084) 0x00000000048e5600
calls=8 0 
0 862
0 16
cob=(2)
cfi=(18)
cfn=(1090) 0x00000000048e5a90
calls=8 0 
0 795
0 56

fn=(1160) std::basic_ios<wchar_t, std::char_traits<wchar_t> >::init(std::basic_streambuf<wchar_t, std::char_traits<wchar_t> >*)
0 28
cob=(2)
cfi=(18)
cfn=(1078) 0x00000000048e6340
calls=4 0 
0 332
0 12
cob=(2)
cfi=(18)
cfn=(1162) 0x00000000048e6e20
calls=4 0 
0 11262
0 52

fn=(1226) operator new(unsigned long)
0 42
cob=(2)
cfi=(18)
cfn=(508) 0x00000000048e3f10
calls=6 0 
0 980
0 24

fn=(446)
0 12

fn=(710) std::locale::locale()
0 154
cfn=(712) 0x00000000000be5d0
calls=22 0 
0 75761
0 220

fn=(730) std::locale::facet::_S_get_c_name()
0 21

fn=(774) std::codecvt<char, char, __mbstate_t>::codecvt(unsigned long)
0 13
cob=(2)
cfi=(18)
cfn=(738)
calls=1 0 
0 12
0 5

fn=(910) 0x00000000000d7420
0 21
cob=(2)
cfi=(18)
cfn=(912) 0x00000000048e4420
calls=1 0 
0 1487
0 8
cob=(2)
cfi=(18)
cfn=(764)
calls=1 0 
0 16
0 8
cob=(2)
cfi=(18)
cfn=(738)
calls=1 0 
0 12
0 8
cob=(2)
cfi=(18)
cfn=(764)
calls=1 0 
0 16
0 12
cob=(2)
cfi=(18)
cfn=(930) 0x00000000048e3780
calls=1 0 
0 1294
0 7
cob=(2)
cfi=(18)
cfn=(764)
calls=1 0 
0 16
0 12
cob=(2)
cfi=(18)
cfn=(942) 0x00000000048e6bf0
calls=1 0 
0 1310
0 7
cob=(2)
cfi=(18)
cfn=(764)
calls=1 0 
0 16
0 14
cob=(2)
cfi=(18)
cfn=(764)
calls=1 0 
0 16
0 14
cob=(2)
cfi=(18)
cfn=(764)
calls=1 0 
0 16
0 14
cob=(2)
cfi=(18)
cfn=(764)
calls=1 0 
0 16
0 6
cob=(2)
cfi=(18)
cfn=(966) 0x00000000048e70c0
calls=1 0 
0 774
0 7
cob=(2)
cfi=(18)
cfn=(764)
calls=1 0 
0 16
0 16
cob=(2)
cfi=(18)
cfn=(978) 0x00000000048e4d90
calls=1 0 
0 1431
0 7
cob=(2)
cfi=(18)
cfn=(764)
calls=1 0 
0 16
0 8
cob=(2)
cfi=(18)
cfn=(738)
calls=1 0 
0 12
0 8
cob=(2)
cfi=(18)
cfn=(764)
calls=1 0 
0 16
0 13
cob=(2)
cfi=(18)
cfn=(996) 0x00000000048e53b0
calls=1 0 
0 1322
0 7
cob=(2)
cfi=(18)
cfn=(764)
calls=1 0 
0 16
0 12
cob=(2)
cfi=(18)
cfn=(1008) 0x00000000048e5e60
calls=1 0 
0 1298
0 7
cob=(2)
cfi=(18)
cfn=(764)
calls=1 0 
0 16
0 14
cob=(2)
cfi=(18)
cfn=(764)
calls=1 0 
0 16
0 14
cob=(2)
cfi=(18)
cfn=(764)
calls=1 0 
0 16
0 14
cob=(2)
cfi=(18)
cfn=(764)
calls=1 0 
0 16
0 6
cob=(2)
cfi=(18)
cfn=(1032) 0x00000000048e5880
calls=1 0 
0 774
0 6
cob=(2)
cfi=(18)
cfn=(764)
calls=1 0 
0 16
0 5
cob=(2)
cfi=(18)
cfn=(764)
calls=1 0 
0 8
0 4
cob=(2)
cfi=(18)
cfn=(764)
calls=1 0 
0 8
0 4
cob=(2)
cfi=(18)
cfn=(764)
calls=1 0 
0 8
0 4
cob=(2)
cfi=(18)
cfn=(764)
calls=1 0 
0 8
0 5
cob=(2)
cfi=(18)
cfn=(764)
calls=1 0 
0 8
0 5
cob=(2)
cfi=(18)
cfn=(764)
calls=1 0 
0 8
0 9

fn=(1148) bool std::has_facet<std::num_get<char, std::istreambuf_iterator<char, std::char_traits<char> > > >(std::locale const&)
0 20
cob=(2)
cfi=(18)
cfn=(764)
calls=4 0 
0 32
0 48
cob=(2)
cfi=(18)
cfn=(1108)
calls=4 0 
0 364
0 20

fn=(1268) __gnu_cxx::stdio_sync_filebuf<char, std::char_traits<char> >::sync()
0 3
cob=(2)
cfi=(18)
cfn=(1270) 0x00000000048e7080
calls=1 0 
0 818

fn=(452)
0 6
cob=(2)
cfi=(18)
cfn=(454) 0x00000000048e4db0
calls=1 0 
0 763
0 7
cob=(2)
cfi=(18)
cfn=(470)
calls=1 0 
0 923
0 3
cob=(2)
cfi=(18)
cfn=(454)
calls=1 0 
0 7
0 7
cob=(2)
cfi=(18)
cfn=(470)
calls=1 0 
0 74

fn=(506)
0 9
cob=(2)
cfi=(18)
cfn=(508)
calls=1 0 
0 76154
0 8

fn=(624)
0 50

fn=(744)
0 5
cob=(2)
cfi=(18)
cfn=(746) 0x00000000048e41e0
calls=1 0 
0 2036

fn=(816) std::ctype<wchar_t>::ctype(unsigned long)
0 13
cob=(2)
cfi=(18)
cfn=(738)
calls=1 0 
0 12
0 7
cob=(2)
cfi=(18)
cfn=(818) 0x00000000048e47d0
calls=1 0 
0 26352

fn=(1076) std::basic_ios<char, std::char_traits<char> >::init(std::basic_streambuf<char, std::char_traits<char> >*)
0 28
cob=(2)
cfi=(18)
cfn=(1078)
calls=4 0 
0 2512
0 12
cob=(2)
cfi=(18)
cfn=(1096) 0x00000000048e6500
calls=4 0 
0 13133
0 52

fn=(1094) std::locale::~locale()
0 64

fn=(1112) __dynamic_cast
0 1536
cfn=(1136) __cxxabiv1::__si_class_type_info::__do_dyncast(long, __cxxabiv1::__class_type_info::__sub_kind, __cxxabiv1::__class_type_info const*, void const*, __cxxabiv1::__class_type_info const*, void const*, __cxxabiv1::__class_type_info::__dyncast_result&) const
calls=40 0 
0 1480
cfn=(1114)
calls=8 0 
0 1526
0 960

fn=(1134) bool std::has_facet<std::num_put<char, std::ostreambuf_iterator<char, std::char_traits<char> > > >(std::locale const&)
0 20
cob=(2)
cfi=(18)
cfn=(764)
calls=4 0 
0 32
0 48
cob=(2)
cfi=(18)
cfn=(1108)
calls=4 0 
0 364
0 20

fn=(1154) std::num_get<char, std::istreambuf_iterator<char, std::char_traits<char> > > const& std::use_facet<std::num_get<char, std::istreambuf_iterator<char, std::char_traits<char> > > >(std::locale const&)
0 20
cob=(2)
cfi=(18)
cfn=(764)
calls=4 0 
0 32
0 44
cob=(2)
cfi=(18)
cfn=(1108)
calls=4 0 
0 364
0 16

fn=(1238) operator delete(void*)
0 10
cob=(2)
cfi=(18)
cfn=(1240) 0x00000000048e4980
calls=5 0 
0 1282

fn=(556)
0 74

fn=(606)
0 34

fn=(650)
0 50

fn=(786) std::__cxx11::moneypunct<char, false>::_M_initialize_moneypunct(__locale_struct*, char const*)
0 113

fn=(792) std::__cxx11::moneypunct<char, true>::_M_initialize_moneypunct(__locale_struct*, char const*)
0 113

fn=(798) std::__timepunct<char>::__timepunct(std::__timepunct_cache<char>*, unsigned long)
0 15
cob=(2)
cfi=(18)
cfn=(726)
calls=1 0 
0 5
0 4
cob=(2)
cfi=(18)
cfn=(800) 0x00000000048e5ab0
calls=1 0 
0 1236
0 4

fn=(872) std::codecvt<wchar_t, char, __mbstate_t>::codecvt(unsigned long)
0 13
cob=(2)
cfi=(18)
cfn=(738)
calls=1 0 
0 12
0 5

fn=(908) std::__cxx11::messages<wchar_t>::messages(unsigned long)
0 13
cob=(2)
cfi=(18)
cfn=(738)
calls=1 0 
0 12
0 2
cob=(2)
cfi=(18)
cfn=(726)
calls=1 0 
0 5
0 5

fn=(1184) bool std::has_facet<std::num_put<wchar_t, std::ostreambuf_iterator<wchar_t, std::char_traits<wchar_t> > > >(std::locale const&)
0 20
cob=(2)
cfi=(18)
cfn=(764)
calls=4 0 
0 32
0 48
cob=(2)
cfi=(18)
cfn=(1108)
calls=4 0 
0 364
0 20

fn=(1254) std::istream::operator>>(int&)
0 15
cob=(2)
cfi=(18)
cfn=(1256) 0x00000000048e66a0
calls=1 0 
0 5900

fn=(1282)
0 30
cob=(2)
cfi=(18)
cfn=(1284) 0x00000000048e7130
calls=6 0 
0 2364
0 20
cob=(2)
cfi=(18)
cfn=(1318) 0x00000000048e4880
calls=5 0 
0 954

fn=(1326)
0 25
cob=(2)
cfi=(18)
cfn=(1284)
calls=5 0 
0 100
0 15

fn=(466) std::error_category::error_category()
0 10

fn=(588)
0 34

fn=(712)
0 5
cob=(2)
cfi=(18)
cfn=(720) 0x00000000048e4100
calls=1 0 
0 74824
0 8
cob=(2)
cfi=(18)
cfn=(1058) 0x00000000048e34f0
calls=1 0 
0 770
0 154

fn=(724) std::locale::_Impl::_Impl(unsigned long)
0 140
cob=(2)
cfi=(18)
cfn=(726)
calls=1 0 
0 859
0 7
cob=(2)
cfi=(18)
cfn=(732) 0x00000000048e3510
calls=1 0 
0 3798
0 4
cob=(2)
cfi=(18)
cfn=(758) 0x00000000048e4dc0
calls=1 0 
0 2221
0 3
cob=(2)
cfi=(18)
cfn=(770) 0x00000000048e46f0
calls=1 0 
0 877
0 4
cob=(2)
cfi=(18)
cfn=(758)
calls=1 0 
0 397
0 23
cob=(2)
cfi=(18)
cfn=(776) 0x00000000048e62b0
calls=1 0 
0 1605
0 4
cob=(2)
cfi=(18)
cfn=(758)
calls=1 0 
0 397
0 8
cob=(2)
cfi=(18)
cfn=(758)
calls=1 0 
0 397
0 8
cob=(2)
cfi=(18)
cfn=(758)
calls=1 0 
0 397
0 5
cob=(2)
cfi=(18)
cfn=(738)
calls=1 0 
0 12
0 5
cob=(2)
cfi=(18)
cfn=(758)
calls=1 0 
0 397
0 28
cob=(2)
cfi=(18)
cfn=(782) 0x00000000048e4b40
calls=1 0 
0 1396
0 4
cob=(2)
cfi=(18)
cfn=(758)
calls=1 0 
0 397
0 28
cob=(2)
cfi=(18)
cfn=(788) 0x00000000048e6100
calls=1 0 
0 1404
0 4
cob=(2)
cfi=(18)
cfn=(758)
calls=1 0 
0 397
0 8
cob=(2)
cfi=(18)
cfn=(758)
calls=1 0 
0 397
0 8
cob=(2)
cfi=(18)
cfn=(758)
calls=1 0 
0 397
0 56
cob=(2)
cfi=(18)
cfn=(794) 0x00000000048e5640
calls=1 0 
0 2254
0 4
cob=(2)
cfi=(18)
cfn=(758)
calls=1 0 
0 397
0 8
cob=(2)
cfi=(18)
cfn=(758)
calls=1 0 
0 397
0 8
cob=(2)
cfi=(18)
cfn=(758)
calls=1 0 
0 397
0 3
cob=(2)
cfi=(18)
cfn=(806) 0x00000000048e33d0
calls=1 0 
0 852
0 4
cob=(2)
cfi=(18)
cfn=(758)
calls=1 0 
0 397
0 3
cob=(2)
cfi=(18)
cfn=(812) 0x00000000048e38c0
calls=1 0 
0 27087
0 4
cob=(2)
cfi=(18)
cfn=(758)
calls=1 0 
0 397
0 3
cob=(2)
cfi=(18)
cfn=(868) 0x00000000048e4280
calls=1 0 
0 877
0 4
cob=(2)
cfi=(18)
cfn=(758)
calls=1 0 
0 397
0 22
cob=(2)
cfi=(18)
cfn=(874) 0x00000000048e39a0
calls=1 0 
0 1517
0 4
cob=(2)
cfi=(18)
cfn=(758)
calls=1 0 
0 397
0 8
cob=(2)
cfi=(18)
cfn=(758)
calls=1 0 
0 397
0 8
cob=(2)
cfi=(18)
cfn=(758)
calls=1 0 
0 397
0 5
cob=(2)
cfi=(18)
cfn=(738)
calls=1 0 
0 12
0 5
cob=(2)
cfi=(18)
cfn=(758)
calls=1 0 
0 397
0 27
cob=(2)
cfi=(18)
cfn=(880) 0x00000000048e5970
calls=1 0 
0 1416
0 4
cob=(2)
cfi=(18)
cfn=(758)
calls=1 0 
0 397
0 27
cob=(2)
cfi=(18)
cfn=(886) 0x00000000048e3d50
calls=1 0 
0 1384
0 4
cob=(2)
cfi=(18)
cfn=(758)
calls=1 0 
0 397
0 8
cob=(2)
cfi=(18)
cfn=(758)
calls=1 0 
0 397
0 8
cob=(2)
cfi=(18)
cfn=(758)
calls=1 0 
0 397
0 56
cob=(2)
cfi=(18)
cfn=(892) 0x00000000048e5fb0
calls=1 0 
0 2284
0 4
cob=(2)
cfi=(18)
cfn=(758)
calls=1 0 
0 397
0 8
cob=(2)
cfi=(18)
cfn=(758)
calls=1 0 
0 397
0 8
cob=(2)
cfi=(18)
cfn=(758)
calls=1 0 
0 397
0 3
cob=(2)
cfi=(18)
cfn=(904) 0x00000000048e39d0
calls=1 0 
0 852
0 4
cob=(2)
cfi=(18)
cfn=(758)
calls=1 0 
0 397
0 8
cob=(2)
cfi=(18)
cfn=(758)
calls=1 0 
0 397
0 8
cob=(2)
cfi=(18)
cfn=(758)
calls=1 0 
0 397
0 8
cob=(2)
cfi=(18)
cfn=(758)
calls=1 0 
0 397
0 8
cob=(2)
cfi=(18)
cfn=(758)
calls=1 0 
0 397
0 10
cfn=(910)
calls=1 0 
0 10324
0 4
cob=(2)
cfi=(18)
cfn=(764)
calls=1 0 
0 8
0 5
cob=(2)
cfi=(18)
cfn=(764)
calls=1 0 
0 8
0 4
cob=(2)
cfi=(18)
cfn=(764)
calls=1 0 
0 8
0 4
cob=(2)
cfi=(18)
cfn=(764)
calls=1 0 
0 8
0 5
cob=(2)
cfi=(18)
cfn=(764)
calls=1 0 
0 8
0 4
cob=(2)
cfi=(18)
cfn=(764)
calls=1 0 
0 8
0 4
cob=(2)
cfi=(18)
cfn=(764)
calls=1 0 
0 8
0 5
cob=(2)
cfi=(18)
cfn=(764)
calls=1 0 
0 8
0 13

fn=(804) std::__timepunct<char>::_M_initialize_timepunct(__locale_struct*)
0 11
cob=(2)
cfi=(18)
cfn=(738)
calls=1 0 
0 12
0 95

fn=(822) std::ctype<wchar_t>::_M_initialize_ctype()
0 10
cob=(2)
cfi=(18)
cfn=(824) 0x00000000048e5be0
calls=1 0 
0 793
0 770
cob=(2)
cfi=(18)
cfn=(830) 0x00000000048e4d30
calls=128 0 
0 3870
0 260
cob=(2)
cfi=(18)
cfn=(836) 0x00000000048e6760
calls=1 0 
0 765
0 510
cob=(2)
cfi=(18)
cfn=(836)
calls=255 0 
0 11875
0 1067
cob=(2)
cfi=(18)
cfn=(848) 0x00000000048e4c20
calls=8 0 
0 3530
0 95
cob=(2)
cfi=(18)
cfn=(848)
calls=4 0 
0 1896
0 19
cob=(2)
cfi=(18)
cfn=(824)
calls=1 0 
0 24
0 2

fn=(852) std::ctype<wchar_t>::_M_convert_to_wmask(unsigned short) const
0 84
cob=(2)
cfi=(18)
cfn=(854) 0x00000000048e4260
calls=1 0 
0 671
0 24
cob=(2)
cfi=(18)
cfn=(854)
calls=1 0 
0 423
0 7
cob=(2)
cfi=(18)
cfn=(854)
calls=1 0 
0 547
0 9
cob=(2)
cfi=(18)
cfn=(854)
calls=1 0 
0 214
0 3
cob=(2)
cfi=(18)
cfn=(854)
calls=1 0 
0 272
0 3
cob=(2)
cfi=(18)
cfn=(854)
calls=1 0 
0 904
0 3
cob=(2)
cfi=(18)
cfn=(854)
calls=1 0 
0 613
0 3
cob=(2)
cfi=(18)
cfn=(854)
calls=1 0 
0 206
0 3
cob=(2)
cfi=(18)
cfn=(854)
calls=1 0 
0 361
0 7
cob=(2)
cfi=(18)
cfn=(854)
calls=1 0 
0 156

fn=(1166) std::basic_ios<wchar_t, std::char_traits<wchar_t> >::_M_cache_locale(std::locale const&)
0 32
cob=(2)
cfi=(18)
cfn=(1168) 0x00000000048e4070
calls=4 0 
0 1373
0 16
cob=(2)
cfi=(18)
cfn=(1174) 0x00000000048e3340
calls=4 0 
0 1392
0 12
cob=(2)
cfi=(18)
cfn=(1180) 0x00000000048e3c30
calls=4 0 
0 1787
0 16
cob=(2)
cfi=(18)
cfn=(1186) 0x00000000048e5c00
calls=4 0 
0 1822
0 12
cob=(2)
cfi=(18)
cfn=(1192) 0x00000000048e55b0
calls=4 0 
0 1795
0 16
cob=(2)
cfi=(18)
cfn=(1198) 0x00000000048e68f0
calls=4 0 
0 1830
0 20

fn=(1190) std::num_put<wchar_t, std::ostreambuf_iterator<wchar_t, std::char_traits<wchar_t> > > const& std::use_facet<std::num_put<wchar_t, std::ostreambuf_iterator<wchar_t, std::char_traits<wchar_t> > > >(std::locale const&)
0 20
cob=(2)
cfi=(18)
cfn=(764)
calls=4 0 
0 32
0 44
cob=(2)
cfi=(18)
cfn=(1108)
calls=4 0 
0 364
0 16

fn=(1196) bool std::has_facet<std::num_get<wchar_t, std::istreambuf_iterator<wchar_t, std::char_traits<wchar_t> > > >(std::locale const&)
0 20
cob=(2)
cfi=(18)
cfn=(764)
calls=4 0 
0 32
0 48
cob=(2)
cfi=(18)
cfn=(1108)
calls=4 0 
0 364
0 20

fn=(750) std::locale::facet::_S_create_c_locale(__locale_struct*&, char const*, __locale_struct*)
0 5
cob=(2)
cfi=(18)
cfn=(752) 0x00000000048e5160
calls=1 0 
0 901
0 5

fn=(780) std::__cxx11::numpunct<char>::_M_initialize_numpunct(__locale_struct*)
0 414

fn=(896) std::__timepunct<wchar_t>::__timepunct(std::__timepunct_cache<wchar_t>*, unsigned long)
0 15
cob=(2)
cfi=(18)
cfn=(726)
calls=1 0 
0 5
0 4
cob=(2)
cfi=(18)
cfn=(898) 0x00000000048e4fe0
calls=1 0 
0 1258
0 4

fn=(902) std::__timepunct<wchar_t>::_M_initialize_timepunct(__locale_struct*)
0 10
cob=(2)
cfi=(18)
cfn=(738)
calls=1 0 
0 12
0 94

fn=(1136)
0 1480

fn=(1142) std::num_put<char, std::ostreambuf_iterator<char, std::char_traits<char> > > const& std::use_facet<std::num_put<char, std::ostreambuf_iterator<char, std::char_traits<char> > > >(std::locale const&)
0 20
cob=(2)
cfi=(18)
cfn=(764)
calls=4 0 
0 32
0 44
cob=(2)
cfi=(18)
cfn=(1108)
calls=4 0 
0 364
0 16

fn=(1172) bool std::has_facet<std::ctype<wchar_t> >(std::locale const&)
0 20
cob=(2)
cfi=(18)
cfn=(764)
calls=4 0 
0 32
0 48
cob=(2)
cfi=(18)
cfn=(1108)
calls=4 0 
0 364
0 20

fn=(1202) std::num_get<wchar_t, std::istreambuf_iterator<wchar_t, std::char_traits<wchar_t> > > const& std::use_facet<std::num_get<wchar_t, std::istreambuf_iterator<wchar_t, std::char_traits<wchar_t> > > >(std::locale const&)
0 20
cob=(2)
cfi=(18)
cfn=(764)
calls=4 0 
0 32
0 44
cob=(2)
cfi=(18)
cfn=(1108)
calls=4 0 
0 364
0 16

fn=(496) __cxa_guard_acquire
0 21

fn=(502) __cxa_guard_release
0 6

fn=(582)
0 52

fn=(704) std::ios_base::Init::Init()
0 31
cob=(2)
cfi=(18)
cfn=(706)
calls=1 0 
0 76316
0 16
cob=(2)
cfi=(18)
cfn=(706)
calls=1 0 
0 26
0 14
cob=(2)
cfi=(18)
cfn=(706)
calls=1 0 
0 26
0 6
cob=(2)
cfi=(18)
cfn=(1066) 0x00000000048e3ff0
calls=1 0 
0 780
0 15
cob=(2)
cfi=(18)
cfn=(1072) 0x00000000048e6290
calls=1 0 
0 13998
0 3
cob=(2)
cfi=(18)
cfn=(1066)
calls=1 0 
0 87
0 16
cob=(2)
cfi=(18)
cfn=(1072)
calls=1 0 
0 979
0 3
cob=(2)
cfi=(18)
cfn=(1066)
calls=1 0 
0 87
0 14
cob=(2)
cfi=(18)
cfn=(1072)
calls=1 0 
0 979
0 3
cob=(2)
cfi=(18)
cfn=(1066)
calls=1 0 
0 87
0 14
cob=(2)
cfi=(18)
cfn=(1072)
calls=1 0 
0 979
0 16
cob=(2)
cfi=(18)
cfn=(706)
calls=1 0 
0 26
0 16
cob=(2)
cfi=(18)
cfn=(706)
calls=1 0 
0 26
0 14
cob=(2)
cfi=(18)
cfn=(706)
calls=1 0 
0 26
0 6
cob=(2)
cfi=(18)
cfn=(1066)
calls=1 0 
0 87
0 15
cob=(2)
cfi=(18)
cfn=(1156) 0x00000000048e5780
calls=1 0 
0 10225
0 3
cob=(2)
cfi=(18)
cfn=(1066)
calls=1 0 
0 87
0 16
cob=(2)
cfi=(18)
cfn=(1156)
calls=1 0 
0 873
0 3
cob=(2)
cfi=(18)
cfn=(1066)
calls=1 0 
0 87
0 14
cob=(2)
cfi=(18)
cfn=(1156)
calls=1 0 
0 873
0 3
cob=(2)
cfi=(18)
cfn=(1066)
calls=1 0 
0 87
0 14
cob=(2)
cfi=(18)
cfn=(1156)
calls=1 0 
0 873
0 14

fn=(810) std::__cxx11::messages<char>::messages(unsigned long)
0 13
cob=(2)
cfi=(18)
cfn=(738)
calls=1 0 
0 12
0 2
cob=(2)
cfi=(18)
cfn=(726)
calls=1 0 
0 5
0 5

fn=(878) std::__cxx11::numpunct<wchar_t>::_M_initialize_numpunct(__locale_struct*)
0 350

fn=(884) std::__cxx11::moneypunct<wchar_t, false>::_M_initialize_moneypunct(__locale_struct*, char const*)
0 109

fn=(934) std::moneypunct<char, false>::_M_initialize_moneypunct(__locale_struct*, char const*)
0 113

fn=(1012) std::moneypunct<wchar_t, true>::_M_initialize_moneypunct(__locale_struct*, char const*)
0 109

fn=(1070) std::ios_base::ios_base()
0 472
cob=(2)
cfi=(18)
cfn=(706)
calls=8 0 
0 208

fn=(1088) std::locale::operator=(std::locale const&)
0 136

fn=(1266) std::ostream::flush()
0 10
cfn=(1268)
calls=1 0 
0 821
0 5

ob=(2)
fl=(18)
fn=(40)
0 34
cob=(1)
cfi=(19)
cfn=(42)
calls=17 92 
0 737

fn=(702)
0 2
cob=(7)
cfi=(128)
cfn=(704)
calls=1 0 
0 107883

fn=(758)
0 64
cob=(7)
cfi=(128)
cfn=(762)
calls=31 0 
0 12245
cob=(1)
cfi=(129)
cfn=(461)
calls=1 67 
0 2214
0 5

fn=(812)
0 2
cob=(1)
cfi=(129)
cfn=(461)
calls=1 67 
0 27080
0 5

fn=(818)
0 2
cob=(1)
cfi=(129)
cfn=(461)
calls=1 67 
0 26345
0 5

fn=(864) 0x0000000004a68590
0 98
cob=(3)
cfi=(154) /build/glibc-SzIz7B/glibc-2.31/string/../sysdeps/x86_64/multiarch/memcmp-avx2-movbe.S
cfn=(866) __memcmp_avx2_movbe
calls=49 59 
0 1107

fn=(892)
0 2
cob=(1)
cfi=(129)
cfn=(461)
calls=1 67 
0 2277
0 5

fn=(1072)
0 8
cob=(7)
cfi=(128)
cfn=(1076)
calls=3 0 
0 2931
cob=(1)
cfi=(129)
cfn=(460)
calls=1 67 
0 13991
0 5

fn=(1102)
0 8
cob=(7)
cfi=(128)
cfn=(1106)
calls=3 0 
0 522
cob=(1)
cfi=(129)
cfn=(461)
calls=1 67 
0 2537
0 5

fn=(1124)
0 8
cob=(7)
cfi=(128)
cfn=(1128)
calls=3 0 
0 516
cob=(1)
cfi=(129)
cfn=(461)
calls=1 67 
0 1075
0 5

fn=(1174)
0 8
cob=(7)
cfi=(128)
cfn=(1178)
calls=3 0 
0 357
cob=(1)
cfi=(129)
cfn=(461)
calls=1 67 
0 1022
0 5

fn=(776)
0 2
cob=(1)
cfi=(129)
cfn=(461)
calls=1 67 
0 1598
0 5

fn=(868)
0 2
cob=(1)
cfi=(129)
cfn=(461)
calls=1 67 
0 870
0 5

fn=(904)
0 2
cob=(1)
cfi=(129)
cfn=(461)
calls=1 67 
0 845
0 5

fn=(1108)
0 96
cob=(7)
cfi=(128)
cfn=(1112)
calls=47 0 
0 4554
cob=(1)
cfi=(129)
cfn=(461)
calls=1 67 
0 1608
0 5

fn=(1232)
0 10
cob=(3)
cfi=(166) /build/glibc-SzIz7B/glibc-2.31/string/../sysdeps/x86_64/multiarch/memmove-vec-unaligned-erms.S
cfn=(1234) __memcpy_avx_unaligned_erms
calls=5 225 
0 63

fn=(1284)
0 22
cob=(3)
cfi=(173) /build/glibc-SzIz7B/glibc-2.31/libio/getc.c
cfn=(1288) getc
calls=10 34 
0 1120
cob=(1)
cfi=(129)
cfn=(461)
calls=1 67 
0 1317
0 5

fn=(382)
0 7

fn=(392)
0 7

fn=(470)
0 16
cob=(3)
cfi=(131) /build/glibc-SzIz7B/glibc-2.31/stdlib/cxa_atexit.c
cfn=(474) __cxa_atexit
calls=7 69 
0 504
cob=(1)
cfi=(129)
cfn=(460)
calls=1 67 
0 916
0 5

fn=(532) 0x0000000004a68450
0 24
cob=(1)
cfi=(8)
cfn=(26)
calls=11 368 
0 218
cob=(1)
cfi=(129)
cfn=(461)
calls=1 67 
0 923
0 5

fn=(732)
0 2
cob=(1)
cfi=(129)
cfn=(461)
calls=1 67 
0 3791
0 5

fn=(830)
0 256
cob=(3)
cfi=(147) /build/glibc-SzIz7B/glibc-2.31/wcsmbs/wctob.c
cfn=(834) wctob
calls=127 31 
0 2794
cob=(1)
cfi=(129)
cfn=(461)
calls=1 67 
0 815
0 5

fn=(860) 0x0000000004a68460
0 136
cob=(3)
cfi=(153) /build/glibc-SzIz7B/glibc-2.31/string/../sysdeps/x86_64/multiarch/strlen-avx2.S
cfn=(862) __strlen_avx2
calls=68 42 
0 1164

fn=(874)
0 2
cob=(1)
cfi=(129)
cfn=(461)
calls=1 67 
0 1510
0 5

fn=(942)
0 2
cob=(1)
cfi=(129)
cfn=(461)
calls=1 67 
0 1303
0 5

fn=(1058)
0 2
cob=(1)
cfi=(129)
cfn=(461)
calls=1 67 
0 763
0 5

fn=(1116)
0 16
cob=(3)
cfi=(156) /build/glibc-SzIz7B/glibc-2.31/string/../sysdeps/x86_64/multiarch/strcmp-avx2.S
cfn=(1122) __strcmp_avx2
calls=7 79 
0 147
cob=(1)
cfi=(129)
cfn=(461)
calls=1 67 
0 822
0 5

fn=(1144)
0 8
cob=(7)
cfi=(128)
cfn=(1148)
calls=3 0 
0 363
cob=(1)
cfi=(129)
cfn=(461)
calls=1 67 
0 1411
0 5

fn=(1318)
0 10
cob=(3)
cfi=(178) /build/glibc-SzIz7B/glibc-2.31/libio/ioungetc.c
cfn=(1322) ungetc
calls=4 31 
0 140
cob=(1)
cfi=(129)
cfn=(461)
calls=1 67 
0 799
0 5

fn=(110)
0 24
cob=(1)
cfi=(36)
cfn=(112)
calls=12 175 
0 26991

fn=(92)
0 12
cob=(1)
cfi=(19)
cfn=(94)
calls=6 109 
0 30

fn=(366) 0x0000000004a685e0
0 2
cob=(3)
cfi=(121) /build/glibc-SzIz7B/glibc-2.31/string/../sysdeps/x86_64/multiarch/strrchr-avx2.S
cfn=(368) __strrchr_avx2
calls=1 42 
0 46

fn=(442)
0 7

fn=(492)
0 2
cob=(1)
cfi=(129)
cfn=(461)
calls=1 67 
0 726
0 5

fn=(522) 0x0000000004a68510
0 2
cob=(1)
cfi=(129)
cfn=(461)
calls=1 67 
0 1026
0 5

fn=(800)
0 2
cob=(1)
cfi=(129)
cfn=(461)
calls=1 67 
0 1229
0 5

fn=(824)
0 4
cob=(3)
cfi=(146) /build/glibc-SzIz7B/glibc-2.31/locale/uselocale.c
cfn=(828) uselocale
calls=1 30 
0 22
cob=(1)
cfi=(129)
cfn=(461)
calls=1 67 
0 786
0 5

fn=(1130)
0 8
cob=(7)
cfi=(128)
cfn=(1134)
calls=3 0 
0 363
cob=(1)
cfi=(129)
cfn=(461)
calls=1 67 
0 1411
0 5

fn=(1150)
0 8
cob=(7)
cfi=(128)
cfn=(1154)
calls=3 0 
0 357
cob=(1)
cfi=(129)
cfn=(461)
calls=1 67 
0 1436
0 5

fn=(1162)
0 8
cob=(7)
cfi=(128)
cfn=(1166)
calls=3 0 
0 2289
cob=(1)
cfi=(129)
cfn=(461)
calls=1 67 
0 8960
0 5

fn=(44)
0 80
cob=(1)
cfi=(19)
cfn=(46)
calls=40 49 
0 1125

fn=(352)
0 7

fn=(486)
0 2
cob=(1)
cfi=(129)
cfn=(460)
calls=1 67 
0 2275
0 5

fn=(806)
0 2
cob=(1)
cfi=(129)
cfn=(461)
calls=1 67 
0 845
0 5

fn=(848)
0 24
cob=(7)
cfi=(128)
cfn=(852)
calls=11 0 
0 3600
cob=(1)
cfi=(129)
cfn=(461)
calls=1 67 
0 1797
0 5

fn=(854)
0 20
cob=(3)
cfi=(152) /build/glibc-SzIz7B/glibc-2.31/wctype/wctype_l.c
cfn=(858) wctype_l
calls=9 27 
0 3445
cob=(1)
cfi=(129)
cfn=(461)
calls=1 67 
0 897
0 5

fn=(1090)
0 16
cob=(7)
cfi=(128)
cfn=(1094)
calls=7 0 
0 56
cob=(1)
cfi=(129)
cfn=(461)
calls=1 67 
0 718
0 5

fn=(1180)
0 8
cob=(7)
cfi=(128)
cfn=(1184)
calls=3 0 
0 363
cob=(1)
cfi=(129)
cfn=(461)
calls=1 67 
0 1411
0 5

fn=(1224)
0 12
cob=(7)
cfi=(128)
cfn=(1226)
calls=6 0 
0 1046

fn=(1252)
0 2
cob=(7)
cfi=(128)
cfn=(1254)
calls=1 0 
0 5915

fn=(1304) 0x0000000004a68310
0 2
cob=(3)
cfi=(133) /build/glibc-SzIz7B/glibc-2.31/malloc/malloc.c
cfn=(512) malloc
calls=1 3023 
0 193

fn=(690)
0 7

fn=(726)
0 14
cob=(7)
cfi=(128)
cfn=(730)
calls=6 0 
0 18
cob=(1)
cfi=(129)
cfn=(461)
calls=1 67 
0 852
0 5

fn=(738)
0 28
cob=(7)
cfi=(128)
cfn=(742)
calls=13 0 
0 130
cob=(1)
cfi=(129)
cfn=(461)
calls=1 67 
0 2944
0 5

fn=(764)
0 220
cob=(7)
cfi=(128)
cfn=(768)
calls=109 0 
0 1030
cob=(1)
cfi=(129)
cfn=(461)
calls=1 67 
0 756
0 5

fn=(782)
0 2
cob=(1)
cfi=(129)
cfn=(461)
calls=1 67 
0 1389
0 5

fn=(788)
0 2
cob=(1)
cfi=(129)
cfn=(461)
calls=1 67 
0 1397
0 5

fn=(836)
0 512
cob=(3)
cfi=(148) /build/glibc-SzIz7B/glibc-2.31/wcsmbs/btowc.c
cfn=(840) btowc
calls=255 33 
0 11365
cob=(1)
cfi=(129)
cfn=(461)
calls=1 67 
0 758
0 5

fn=(912)
0 2
cob=(1)
cfi=(129)
cfn=(461)
calls=1 67 
0 1480
0 5

fn=(966)
0 2
cob=(1)
cfi=(129)
cfn=(461)
calls=1 67 
0 767
0 5

fn=(978)
0 2
cob=(1)
cfi=(129)
cfn=(461)
calls=1 67 
0 1424
0 5

fn=(1032)
0 2
cob=(1)
cfi=(129)
cfn=(461)
calls=1 67 
0 767
0 5

fn=(1066)
0 16
cob=(7)
cfi=(128)
cfn=(1070)
calls=7 0 
0 595
cob=(1)
cfi=(129)
cfn=(460)
calls=1 67 
0 773
0 5

fn=(1186)
0 8
cob=(7)
cfi=(128)
cfn=(1190)
calls=3 0 
0 357
cob=(1)
cfi=(129)
cfn=(461)
calls=1 67 
0 1452
0 5

fn=(1192)
0 8
cob=(7)
cfi=(128)
cfn=(1196)
calls=3 0 
0 363
cob=(1)
cfi=(129)
cfn=(461)
calls=1 67 
0 1419
0 5

fn=(1262)
0 2
cob=(1)
cfi=(129)
cfn=(461)
calls=1 67 
0 1510
0 5

fn=(454)
0 4
cob=(7)
cfi=(128)
cfn=(466)
calls=1 0 
0 5
cob=(1)
cfi=(129)
cfn=(460)
calls=1 67 
0 756
0 5

fn=(498)
0 2
cob=(1)
cfi=(129)
cfn=(461)
calls=1 67 
0 703
0 5

fn=(508)
0 14
cob=(3)
cfi=(133)
cfn=(512)
calls=6 3023 
0 968
cob=(1)
cfi=(129)
cfn=(460)
calls=1 67 
0 76147
0 5

fn=(746)
0 2
cob=(1)
cfi=(129)
cfn=(461)
calls=1 67 
0 2029
0 5

fn=(880)
0 2
cob=(1)
cfi=(129)
cfn=(461)
calls=1 67 
0 1409
0 5

fn=(1008)
0 2
cob=(1)
cfi=(129)
cfn=(461)
calls=1 67 
0 1291
0 5

fn=(1084)
0 16
cob=(7)
cfi=(128)
cfn=(1088)
calls=7 0 
0 119
cob=(1)
cfi=(129)
cfn=(461)
calls=1 67 
0 722
0 5

fn=(1096)
0 8
cob=(7)
cfi=(128)
cfn=(1100)
calls=3 0 
0 2607
cob=(1)
cfi=(129)
cfn=(461)
calls=1 67 
0 10513
0 5

fn=(1138)
0 8
cob=(7)
cfi=(128)
cfn=(1142)
calls=3 0 
0 357
cob=(1)
cfi=(129)
cfn=(461)
calls=1 67 
0 1436
0 5

fn=(1168)
0 8
cob=(7)
cfi=(128)
cfn=(1172)
calls=3 0 
0 363
cob=(1)
cfi=(129)
cfn=(461)
calls=1 67 
0 997
0 5

fn=(1198)
0 8
cob=(7)
cfi=(128)
cfn=(1202)
calls=3 0 
0 357
cob=(1)
cfi=(129)
cfn=(461)
calls=1 67 
0 1460
0 5

fn=(1240)
0 10
cob=(3)
cfi=(133)
cfn=(1244) free
calls=4 3087 
0 328
cob=(1)
cfi=(129)
cfn=(460)
calls=1 67 
0 939
0 5

fn=(752)
0 2
cob=(1)
cfi=(129)
cfn=(461)
calls=1 67 
0 894
0 5

fn=(794)
0 2
cob=(1)
cfi=(129)
cfn=(461)
calls=1 67 
0 2247
0 5

fn=(886)
0 2
cob=(1)
cfi=(129)
cfn=(461)
calls=1 67 
0 1377
0 5

fn=(996)
0 2
cob=(1)
cfi=(129)
cfn=(461)
calls=1 67 
0 1315
0 5

fn=(1156)
0 8
cob=(7)
cfi=(128)
cfn=(1160)
calls=3 0 
0 2613
cob=(1)
cfi=(129)
cfn=(460)
calls=1 67 
0 10218
0 5

fn=(1206)
0 2
cob=(3)
cfi=(131)
cfn=(474)
calls=1 69 
0 72

fn=(1236)
0 10
cob=(7)
cfi=(128)
cfn=(1238)
calls=5 0 
0 1292

fn=(1256)
0 2
cob=(1)
cfi=(129)
cfn=(460)
calls=1 67 
0 5893
0 5

fn=(706)
0 44
cob=(7)
cfi=(128)
cfn=(710)
calls=21 0 
0 504
cob=(1)
cfi=(129)
cfn=(460)
calls=1 67 
0 76309
0 5

fn=(720)
0 2
cob=(1)
cfi=(129)
cfn=(461)
calls=1 67 
0 74817
0 5

fn=(770)
0 2
cob=(1)
cfi=(129)
cfn=(461)
calls=1 67 
0 870
0 5

fn=(898)
0 2
cob=(1)
cfi=(129)
cfn=(461)
calls=1 67 
0 1251
0 5

fn=(930)
0 2
cob=(1)
cfi=(129)
cfn=(461)
calls=1 67 
0 1287
0 5

fn=(1078)
0 16
cob=(7)
cfi=(128)
cfn=(1082)
calls=7 0 
0 567
cob=(1)
cfi=(129)
cfn=(461)
calls=1 67 
0 2256
0 5

fn=(1270)
0 2
cob=(1)
cfi=(129)
cfn=(461)
calls=1 67 
0 811
0 5

fn=(106)
0 2
cob=(1)
cfi=(36)
cfn=(108)
calls=1 225 
0 2853

ob=(3)
fl=(159) /build/glibc-SzIz7B/glibc-2.31/setjmp/../sysdeps/x86_64/setjmp.S
fn=(1210) __sigsetjmp
30 1
+2 1
+9 1
+1 2
+1 1
+4 1
+1 1
+1 1
+1 1
+1 1
+2 2
+2 1
+1 1
+1 1
+2 2
+2 1
+5 1
+1 1
+17 1
cfi=(160) /build/glibc-SzIz7B/glibc-2.31/setjmp/sigjmp.c
cfn=(1212) __sigjmp_save
calls=1 -56 
* 9

fl=(173)
fn=(1288)
34 55
+3 22
+1 48
+5 43
-5 6
cfi=(174) /build/glibc-SzIz7B/glibc-2.31/libio/genops.c
cfn=(1290) __uflow
calls=6 299 
* 1488

fl=(177) /build/glibc-SzIz7B/glibc-2.31/io/../sysdeps/unix/sysv/linux/read.c
fn=(1316) read
25 6
+1 33
+1 5

fl=(87)
fn=(270)
43 1
-6 5
+6 1

fl=(84)
fn=(264)
49 1
-9 3
-2 1
+2 1
-2 2
+11 1

fl=(64)
fn=(220)
29 1
fi=(180) /build/glibc-SzIz7B/glibc-2.31/string/../sysdeps/x86_64/multiarch/ifunc-strcpy.h
+7 3
-2 1
+2 1
-2 2
fe=(64)
-5 1

fl=(123)
fn=(372)
83 1
+1 4
+1 3
+1 3
+2 1

fl=(89)
fn=(274)
49 1
-9 3
-2 1
+2 1
-2 2
+11 1

fl=(171) /build/glibc-SzIz7B/glibc-2.31/libio/fileops.c
fn=(1278) _IO_file_sync@@GLIBC_2.2.5
793 5
+5 4
+2 1
+1 2
+11 2
+4 4

fn=(1300) _IO_file_stat
1147 2
+1 3
cfi=(176) /build/glibc-SzIz7B/glibc-2.31/io/../sysdeps/unix/sysv/linux/wordsize-64/fxstat.c
cfn=(1302) _fxstat
calls=1 33 
* 11

fn=(1294) _IO_file_underflow@@GLIBC_2.2.5
462 6
+4 18
-4 48
+7 12
+6 18
+3 12
+12 10
+7 66
fi=(170) /build/glibc-SzIz7B/glibc-2.31/libio/../sysdeps/unix/sysv/linux/x86/lowlevellock.h
47 6
fe=(171)
497 12
fi=(170)
47 6
fe=(171)
497 42
+2 6
-2 6
+2 30
fi=(172) /build/glibc-SzIz7B/glibc-2.31/libio/libioP.h
884 12
+1 66
fe=(171)
506 12
cfi=(174)
cfn=(1312) _IO_switch_to_get_mode
calls=6 164 
* 150
+11 6
-5 12
fi=(172)
943 6
fe=(171)
512 6
fi=(172)
943 6
fe=(171)
512 18
fi=(172)
944 12
fe=(171)
517 24
cfn=(1314) _IO_file_read
calls=6 1131 
* 80
+2 10
+16 5
-9 5
+9 10
+2 10
+1 40
-57 3
+5 2
cfi=(174)
cfn=(1296) _IO_doallocbuf
calls=1 343 
* 325
* 1
+4 2

fn=(1314)
1131 6
+1 6
+2 6
-1 6
+1 12
cfi=(177)
cfn=(1316)
calls=6 25 
* 44

fl=(135) /build/glibc-SzIz7B/glibc-2.31/malloc/arena.c
fn=(518) ptmalloc_init.part.0
289 5
+13 1
-8 1
+8 1
+6 4
fi=(133)
1795 3
+3 4
-3 2
+3 504
-3 252
+11 1
fe=(135)
313 2
fi=(133)
1807 1
+2 1
fe=(135)
313 3
cob=(2)
cfi=(18)
cfn=(532)
calls=1 0 
* 930
+1 4
cob=(2)
cfi=(18)
cfn=(532)
calls=1 0 
* 22
+1 4
cob=(2)
cfi=(18)
cfn=(532)
calls=1 0 
* 21
+1 4
cob=(2)
cfi=(18)
cfn=(532)
calls=1 0 
* 22
+1 4
cob=(2)
cfi=(18)
cfn=(532)
calls=1 0 
* 22
+1 4
cob=(2)
cfi=(18)
cfn=(532)
calls=1 0 
* 21
+1 4
cob=(2)
cfi=(18)
cfn=(532)
calls=1 0 
* 22
+1 4
cob=(2)
cfi=(18)
cfn=(532)
calls=1 0 
* 22
+2 4
cob=(2)
cfi=(18)
cfn=(532)
calls=1 0 
* 22
+1 4
cob=(2)
cfi=(18)
cfn=(532)
calls=1 0 
* 22
+1 4
cob=(2)
cfi=(18)
cfn=(532)
calls=1 0 
* 22
+3 4
cob=(2)
cfi=(18)
cfn=(532)
calls=1 0 
* 22
+69 2
+1 2
+3 1
+1 6
-98 5
cfi=(136) /build/glibc-SzIz7B/glibc-2.31/elf/dl-addr.c
cfn=(520) _dl_addr
calls=1 126 
* 72584
* 2
+1 4

fl=(120) /build/glibc-SzIz7B/glibc-2.31/misc/init-misc.c
fn=(364) __init_misc
30 1
+1 2
-1 4
+1 3
+2 3
cob=(2)
cfi=(18)
cfn=(366)
calls=1 -33 
* 48
+4 5
+1 3
+2 4

fl=(71)
fn=(234)
33 1
fi=(63) /build/glibc-SzIz7B/glibc-2.31/string/../sysdeps/x86_64/multiarch/ifunc-memmove.h
+12 3
-1 2
+5 2
-1 2
+12 2
+2 5
fe=(71)

fl=(145) /build/glibc-SzIz7B/glibc-2.31/locale/newlocale.c
fn=(756) newlocale
44 14
+12 2
+8 2
+3 3
+6 2
278 12
76 1
-2 4
-17 2
+17 2

fl=(140) /build/glibc-SzIz7B/glibc-2.31/misc/sbrk.c
fn=(548) sbrk
32 6
+8 2
-8 4
+8 9
+4 4
+4 6
+12 5
-19 2
cfi=(141) /build/glibc-SzIz7B/glibc-2.31/misc/../sysdeps/unix/sysv/linux/x86_64/brk.c
cfn=(550) brk
calls=1 -13 
* 11
* 4
+15 2
cfi=(141)
cfn=(550)
calls=1 -28 
* 11
* 2
+4 5

fl=(134) /build/glibc-SzIz7B/glibc-2.31/malloc/hooks.c
fn=(514) malloc_hook_ini
29 2
fi=(135)
291 1
fe=(134)
29 3
+1 2
fi=(135)
291 3
cfn=(518)
calls=1 -2 
* 74605
* 1
fi=(133)
3032 2
1208 2
+2 4
3044 4
+12 3
+2 3
cfn=(542) _int_malloc
calls=1 1208 
* 148
* 1
+1 7
fe=(134)
33 5
fi=(133)
1210 4
2978 4
cfn=(538) tcache_init.part.0
calls=1 +3 
* 476
+69 2
fe=(134)

fl=(98)
fn=(292)
29 1
fi=(99) /build/glibc-SzIz7B/glibc-2.31/wcsmbs/../sysdeps/x86_64/multiarch/ifunc-memcmp.h
+3 1
+1 3
-1 2
+2 3
+1 2
fe=(98)
-6 1

fl=(75)
fn=(244)
53 2
-12 6
-2 2
+2 2
-2 4
+14 2

fl=(139) /build/glibc-SzIz7B/glibc-2.31/malloc/morecore.c
fn=(546) __default_morecore
46 4
+1 2
cfi=(140)
cfn=(548)
calls=2 -15 
* 73
+2 6
+3 4

fl=(148)
fn=(840)
33 512
+5 256
-5 1792
+5 1536
+5 512
+4 384
fi=(149) /build/glibc-SzIz7B/glibc-2.31/wcsmbs/./wcsmbsload.h
+23 384
fe=(148)
-22 128
+2 128
-2 128
+2 128
+5 512
+3 256
cfi=(150) /build/glibc-SzIz7B/glibc-2.31/elf/dl-profstub.c
cfn=(844) _dl_mcount_wrapper_check
calls=128 -21 
* 768
* 384
cfi=(151) /build/glibc-SzIz7B/glibc-2.31/iconv/gconv_simple.c
cfn=(846) __gconv_btwoc_ascii
calls=128 -8 
* 768
+41 2304
fi=(149)
-27 128
+1 128
-1 256
fe=(148)

fl=(90)
fn=(276)
29 1
fi=(181) /build/glibc-SzIz7B/glibc-2.31/string/../sysdeps/x86_64/multiarch/ifunc-avx2.h
+3 3
-2 5
fe=(90)
-1 1

fl=(141)
fn=(550)
28 2
+3 12
+2 4
+6 2
+1 2

fl=(154)
fn=(866)
59 49
+7 49
+1 49
182 49
+1 49
+1 49
+1 49
+1 49
+1 49
+1 49
+1 49
+1 49
+1 49
+1 39
+1 39
+1 39
+4 10
+38 49
+1 49
+1 49
+1 49
+1 49
+1 49
+1 49

fl=(152)
fn=(858)
27 70
+7 10
-7 30
+3 10
cob=(2)
cfi=(18)
cfn=(860)
calls=10 -30 
* 200
+3 10
-3 10
+3 10
+1 10
+7 48
+1 96
-8 48
+2 96
cob=(2)
cfi=(18)
cfn=(860)
calls=48 -36 
* 920
* 20
cob=(2)
cfi=(18)
cfn=(860)
calls=10 -36 
* 180
* 58
+2 312
cob=(2)
cfi=(18)
cfn=(864)
calls=49 -38 
* 1205
* 98
+8 10
+1 10
+1 80

fl=(72)
fn=(238)
29 1
fi=(73) /build/glibc-SzIz7B/glibc-2.31/string/../sysdeps/x86_64/multiarch/ifunc-memcmp.h
+3 1
+1 3
-1 2
+2 3
+1 2
fe=(72)
-6 1

fl=(80)
fn=(254)
29 1
fi=(182) /build/glibc-SzIz7B/glibc-2.31/string/../sysdeps/x86_64/multiarch/ifunc-sse4_2.h
+1 5
fe=(80)
-1 1

fl=(169) /build/glibc-SzIz7B/glibc-2.31/libio/iofflush.c
fn=(1274) fflush
32 1
+1 2
-1 4
+7 10
fi=(170)
+8 2
fe=(169)
-8 3
+1 1
fi=(172)
941 3
+2 2
+1 2
fe=(169)
40 2
cfi=(171)
cfn=(1278)
calls=1 793 
* 18
* 4
fi=(172)
884 2
+1 10
fe=(169)
44 5

fl=(174)
fn=(1292) _IO_default_uflow
361 12
fi=(172)
941 12
fe=(174)
361 6
fi=(172)
941 6
fe=(174)
361 12
+1 6
fi=(172)
943 12
+1 12
fe=(174)
362 12
cfi=(171)
cfn=(1294)
calls=6 462 
* 1121
+1 10
+2 20
+1 20

fn=(1306) _IO_setb
329 6
+1 2
-1 2
+1 2
+5 1
-3 1
+3 4
-3 2
+2 1
+4 4

fn=(1324) _IO_sputbackc
635 25
+3 15
+1 10
+9 5
+3 20
-10 10
+1 5
+5 5

fn=(1290)
299 30
+1 19
+5 30
+3 12
+2 12
+6 12
+7 6
fi=(172)
941 18
+2 12
+1 12
fe=(174)
323 6
+1 6
-1 6
+1 12
-1 6
cfn=(1292)
calls=6 +38 
* 1261
-2 18
-21 10

fn=(1312)
164 30
+1 18
+3 18
+4 12
+1 12
+7 6
-4 6
+4 6
-2 12
+3 6
+1 24

fn=(1296)
343 1
+1 2
-1 3
+3 4
+1 1
fi=(172)
941 3
+2 2
+1 2
fe=(174)
347 2
cfi=(175) /build/glibc-SzIz7B/glibc-2.31/libio/filedoalloc.c
cfn=(1298) _IO_file_doallocate
calls=1 78 
* 299
* 2
+3 4

fl=(78)
fn=(250)
31 2
fi=(183) /build/glibc-SzIz7B/glibc-2.31/wcsmbs/../sysdeps/x86_64/multiarch/ifunc-avx2.h
+1 6
-2 10
fe=(78)
+1 2

fl=(66)
fn=(224)
29 1
fi=(180)
+7 3
-2 1
+2 1
-2 2
fe=(66)
-5 1

fl=(158) /build/glibc-SzIz7B/glibc-2.31/setjmp/../sysdeps/x86_64/bsd-_setjmp.S
fn=(1208) _setjmp
28 1
+2 1
+2 1
cfi=(159)
cfn=(1210)
calls=1 -2 
* 31

fl=(146)
fn=(828)
30 2
+1 6
+2 4
+3 4
+1 2
+28 6
+1 6
+2 6
+4 6
+1 2

fl=(176)
fn=(1302)
33 4
+1 2
+1 4
+4 1

fl=(81)
fn=(256)
31 1
fi=(184) /build/glibc-SzIz7B/glibc-2.31/string/../sysdeps/x86_64/multiarch/ifunc-strcasecmp.h
+1 4
fe=(81)
-1 1

fl=(94)
fn=(284)
29 1
fi=(183)
+3 3
-2 5
fe=(94)
-1 1

fl=(150)
fn=(844)
37 128
+1 128
-1 128
+1 256
+2 128

fl=(70)
fn=(232)
30 1
fi=(183)
+2 3
-2 6
fe=(70)

fl=(88)
fn=(272)
29 1
fi=(182)
+1 5
fe=(88)
-1 1

fl=(96)
fn=(288)
31 1
fi=(180)
+5 3
-2 1
+2 1
-2 2
fe=(96)
-3 1

fl=(133)
fn=(538)
2981 1
-9 1
+9 6
fi=(138) /build/glibc-SzIz7B/glibc-2.31/malloc/../sysdeps/unix/sysv/linux/x86/lowlevellock.h
47 2
fe=(133)
2982 3
cfn=(542)
calls=1 1208 
* 362
* 1
+1 2
+8 4
+7 2
+2 1
+1 2
-1 1
+1 86
+3 2

fn=(544) sysmalloc
2255 8
+20 2
+11 2
+1 5
fi=(135)
536 3
fe=(133)
2302 4
+66 1
+1 3
+1 1
+9 4
+6 3
+3 3
2705 2
+1 1
+5 2
+3 2
+2 2
+1 1
-1 1
+2 3
+1 1
+1 1
+2 1
-3 2
+1 1
+8 9
2449 9
+11 1
+8 3
+2 5
cfi=(139)
cfn=(546)
calls=1 46 
* 62
* 1
+1 1
+3 4
+3 2
+1 2
+46 6
+2 1
+6 2
-7 2
2661 1
-1 1
+1 3
+1 1
+11 2
2535 4
+40 3
+22 1
+1 1
-1 1
+1 5
+2 2
+1 2
cfi=(139)
cfn=(546)
calls=1 46 
* 27
+12 2
+8 2
+1 9

fn=(512)
3023 8
+8 8
-8 32
+8 8
+1 16
1208 14
+2 28
3044 28
+3 14
+9 18
+2 18
cfn=(542)
calls=6 1208 
* 839
* 6
+1 42
+23 35
1210 20
3048 7
+1 21
2936 1
+2 1
-2 1
+1 2
+1 1
+1 1
3051 1
-18 1
+49 3
-49 1
cfi=(134)
cfn=(514)
calls=1 29 
* 75282

fn=(1244)
3087 10
+5 10
+1 10
+6 10
+5 5
-2 5
+2 10
+18 15
+2 15
+1 5
+1 5
-1 5
cfn=(1246) _int_free
calls=5 4155 
* 305

fn=(1246)
4155 55
+10 15
+6 25
+1 10
+4 20
+8 25
-1 10
+1 10
+3 5
+6 10
+13 25
4428 55
2924 10
+4 5
-2 10
+1 5
+1 5
4209 5

fn=(542)
1208 16
3513 8
1210 8
3513 64
1210 16
3553 4
+24 4
+61 6
+2 6
-2 6
+2 12
1210 12
3553 12
1637 12
3577 12
+58 8
+62 70
+1 6
3577 4
1210 4
3582 4
+2 4
-2 4
+2 4
+5 18
4147 90
3637 18
+3 66
+77 6
+1 6
-1 12
-1 12
+2 12
-1 2
+1 2
-1 4
-1 4
+2 4
-2 21
+6 14
+73 21
-67 21
-6 2
+73 3
-67 3
3917 16
+2 6
+3 2
-3 2
+3 4
+68 16
+1 8
+1 8
-1 8
+1 8
+1 16
+1 24
+5 16
3697 4
4003 24
+3 28
-3 21
+3 24
-3 12
+3 15
+97 8
+1 16
+2 16
+3 25
+17 3
-12 7
-3 7
+1 14
+2 7
-1 7
+1 7
+2 7
+3 7
-5 35
+2 7
1868 21
4141 4
cfn=(544)
calls=1 2255 
* 236
* 1
+1 2
1868 3

fl=(136)
fn=(520)
126 7
+2 1
-2 4
+5 1
-5 1
+5 2
cob=(1)
cfi=(2)
cfn=(52)
calls=1 801 
* 3
+2 2
cob=(2)
cfi=(18)
cfn=(522)
calls=1 0 
* 1033
+2 2
30 4
+4 2
+5 1
+6 1
-7 1
+2 2
+2 1
-2 1
+2 2
+3 2
+4 5
-5 4
+5 4043
+2 1010
+1 2020
-1 1
+1 2
+2 2757
+10 9308
+1 14980
+5 7074
-10 7074
+1 14148
+2 7043
+37 2
+1 1
+1 3
+3 2
+36 2
cob=(1)
cfi=(2)
cfn=(54)
calls=1 807 
* 3
+3 9
-79 2016
+52 1
+21 1
-21 2

fl=(153)
fn=(862)
42 68
+13 68
+1 68
+1 68
+3 68
+1 68
+1 68
+3 51
+1 51
+1 51
+8 51
+19 17
+1 17
+1 17
+1 17
+2 17
+1 17
+1 17
+1 15
+6 15
+1 15
+1 15
+4 15
+1 15
+16 2
+10 2
+1 2
+1 2
+1 2
335 53
+1 53
+1 53
+4 53
+1 53

fl=(151)
fn=(846)
50 128
+2 512
+3 128

fl=(69)
fn=(230)
31 2
fi=(183)
+1 6
-2 10
fe=(69)
+1 2

fl=(85)
fn=(266)
31 2
fi=(86) /build/glibc-SzIz7B/glibc-2.31/wcsmbs/../sysdeps/x86_64/multiarch/ifunc-wmemset.h
+1 4
-2 2
+2 6
-2 4
+5 2
-1 2
+1 2
-1 6
fe=(85)
-3 4

fl=(143)
fn=(686)
137 11
+4 1
-4 3
+4 3
+96 2
+1 3
cfi=(131)
cfn=(474)
calls=1 69 
* 72
+22 4
+3 2
+1 5
cob=(8)
cfi=(142)
cfn=(688)
calls=1 0 
* 108028
+4 4
+15 2
+12 2
cfi=(158)
cfn=(1208)
calls=1 28 
* 34
* 1
+1 2
+5 2
+1 2
+3 2
+3 6
cob=(8)
cfi=(144)
cfn=(1214)
calls=1 49 
* 9032

fl=(160)
fn=(1212)
28 3
+2 2
-1 1
+5 3

fl=(82)
fn=(258)
29 1
fi=(180)
+7 3
-2 1
+2 1
-2 2
fe=(82)
-5 1

fl=(74)
fn=(242)
54 1
-13 3
-2 1
+2 1
-2 2
+15 1

fl=(122) /build/glibc-SzIz7B/glibc-2.31/ctype/ctype-info.c
fn=(370) __ctype_init
29 1
+2 7
+2 4
+2 4
+1 1

fl=(156)
fn=(1122)
79 8
+13 8
+1 8
+2 8
+1 8
+1 8
+1 8
+1 8
+2 8
+1 8
+1 8
+1 8
+1 8
+1 8
+1 8
+1 8
+18 8
+1 8
+1 8
+2 8
+1 8

fl=(62)
fn=(216)
29 3
fi=(63)
+16 9
-1 6
+5 6
-1 6
+12 6
+2 15
fe=(62)

fl=(97)
fn=(290)
33 1
fi=(180)
+3 3
-2 1
+2 1
-2 2
fe=(97)
-1 1

fl=(175)
fn=(1298)
78 9
+6 4
fi=(172)
941 3
+2 2
+1 2
fe=(175)
84 3
cfi=(171)
cfn=(1300)
calls=1 1147 
* 16
* 2
+2 4
+11 4
+4 2
cob=(2)
cfi=(18)
cfn=(1304)
calls=1 0 
* 195
* 1
+1 2
+2 4
cfi=(174)
cfn=(1306)
calls=1 329 
* 25
+1 1
+1 8
-15 1
fi=(185) /build/glibc-SzIz7B/glibc-2.31/libio/../include/sys/sysmacros.h
-44 6
fe=(175)
+44 1
-2 2
+5 2

fl=(65)
fn=(222)
31 1
fi=(184)
+1 4
fe=(65)
-1 1

fl=(95)
fn=(286)
29 1
fi=(182)
+1 5
fe=(95)
-1 1

fl=(93)
fn=(282)
29 1
fi=(181)
+3 3
-2 5
fe=(93)
-1 1

fl=(68)
fn=(228)
31 1
fi=(181)
+1 3
-2 5
fe=(68)
+1 1

fl=(131)
fn=(478) __new_exitfn
82 10
+6 20
-6 40
+11 40
-10 20
+12 20
+1 45
-1 20
-2 1
+10 1
-10 3
+13 18
+25 9
+1 18
-1 18
+7 9
+5 9
-4 9
+4 36
-5 1
+5 1
-4 1
+4 4
-18 1
-1 1
+1 1

fn=(474)
69 60
-28 30
+2 10
fi=(132) /build/glibc-SzIz7B/glibc-2.31/stdlib/../sysdeps/unix/sysv/linux/x86/lowlevellock.h
+4 10
fe=(131)
-4 20
fi=(132)
+4 20
fe=(131)
-3 20
cfn=(478)
calls=10 +38 
* 356
+2 20
+10 10
-3 10
+5 10
-5 20
+3 10
-1 10
+1 10
+3 40
+12 50

fl=(100)
fn=(296)
31 1
fi=(181)
+1 3
-2 5
fe=(100)
+1 1

fl=(119)
fn=(362)
52 4
+3 3
+14 1
+8 1
-10 1
+1 1
+1 1
+8 1
cfi=(120)
cfn=(364)
calls=1 -47 
* 73
+8 2
-5 1
cfi=(122)
cfn=(370)
calls=1 -51 
* 17
-18 1
-7 1
+7 4

fl=(91)
fn=(278)
29 1
fi=(181)
+3 3
-2 5
fe=(91)
-1 1

fl=(76)
fn=(246)
29 1
fi=(77) /build/glibc-SzIz7B/glibc-2.31/string/../sysdeps/x86_64/multiarch/ifunc-memset.h
+13 5
+4 2
-1 2
+12 4
+2 5
fe=(76)

fl=(166)
fn=(1234)
225 5
+1 5
+6 5
+1 5
+1 2
+1 2
+3 2
+1 2
+1 2
+1 2
+2 2
+1 2
+33 3
+1 3
+2 2
+1 2
+1 1
+1 1
+21 1
+1 1
+1 1
+1 1
+1 1
+4 1
+1 1
+1 1
+1 1
+1 1
+3 1
+1 1
+1 1
+1 1
+1 1

fl=(178)
fn=(1322)
31 5
+3 10
-3 25
+5 10
+6 5
-5 10
+5 10
-5 5
cfi=(174)
cfn=(1324)
calls=5 635 
* 95

fl=(101)
fn=(298)
31 1
fi=(184)
+1 4
fe=(101)
-1 1

fl=(83)
fn=(260)
29 2
fi=(63)
+16 6
-1 4
+5 4
-1 4
+12 4
+2 10
fe=(83)

fl=(121)
fn=(368)
42 1
+1 1
+1 1
+2 1
+1 1
+3 1
+1 1
+1 1
+33 1
+1 1
+1 1
+1 1
+1 1
+1 1
+1 1
+1 1
+1 1
+1 1
+3 1
+1 1
+2 1
+1 1
+2 1
+13 1
+1 1
+1 1
+1 1
+1 1
+1 1
+1 1
+1 1
+32 1
+1 1
+19 1
+1 1
+1 1
+15 1
+1 1
+1 1
+1 1
+1 1
+2 1
+1 1
+1 1
+1 1
+1 1

fl=(79)
fn=(252)
31 2
fi=(181)
+1 6
-2 10
fe=(79)
+1 2

fl=(147)
fn=(834)
31 1024
+9 384
+5 384
+37 1024

fl=(92)
fn=(280)
31 1
fi=(184)
+1 4
fe=(92)
-1 1

fl=(67)
fn=(226)
28 1
fi=(181)
+4 3
-2 5
fe=(67)
-2 1

fl=(124)
fn=(374)
488 8
+14 6
758 2
+2 1
+1 1
+2 1
-3 1
+5 1
-5 1
+4 3
+4 2
+3 2
+2 1
+1 1
+2 1
-3 1
+5 1
-5 1
+4 3
+15 1
+2 6
-2 1
+3 8
500 1
+4 1
-4 1
+4 1
cfn=(376) handle_intel.constprop.0
calls=1 259 
* 446
+2 1
-2 1
+2 1
cfn=(376)
calls=1 259 
* 487
+5 1
-5 1
+5 1
cfn=(376)
calls=1 259 
* 512
* 1
+8 2
-9 1
+20 1
+5 2
+4 2
+8 6
+3 4
+6 2
-6 9
+6 6
+3 26
+14 2
+4 1
+3 1
+1 1
-4 1
+3 1
-3 1
+3 1
+6 4
-39 6
691 4
+1 4
+4 2
+59 2
564 2
+4 1
+1 1
-1 2
+1 1
+23 2
+8 2
+2 1
-2 6
+2 4
-2 1
+4 1
+23 2
-25 2
+2 6
+2 6
+3 2
+1 8
+2 4
+3 2
+5 1
+2 2
+1 1
+1 1
-2 2
+1 1
+1 1
+27 2
+1 2
+2 2
-1 2
-23 2
+3 1
+1 2
+3 1
+2 4
+1 1
+5 2

fn=(378) intel_check_word.isra.0
132 12
-4 36
+10 24
-10 6
+10 18
+2 60
+2 15
+2 30
+8 30
+51 24
+22 12
fi=(125) /build/glibc-SzIz7B/glibc-2.31/string/../bits/stdlib-bsearch.h
28 12
-1 12
+4 24
+1 12
fe=(124)
+87 24
fi=(125)
-88 18
+1 9
fe=(124)
+87 18
+3 81
fi=(125)
-93 192
+2 120
+1 60
fe=(124)
+87 120
+15 3
255 36
fi=(125)
37 15
-8 36
fe=(124)
164 9
+3 9
-6 13
+3 4
+9 4
+23 5
-32 15
+3 15
+4 14
+2 28
+2 14
+2 10
+4 3
+2 6
+2 3
+2 3
-1 3
-1 3
+2 6
-2 3
+3 9
-2 9
+2 6
-10 6
+1 2
-15 1
+7 2
+2 4

fn=(376)
259 21
+2 3
-2 9
+5 6
+8 6
+3 6
-2 3
+2 3
-5 6
+11 15
+5 6
+2 3
+1 3
-1 3
+5 18
cfn=(378)
calls=3 132 
* 960
+2 6
+3 21
cfn=(378)
calls=3 132 
* 308
+2 6
+19 33

ob=(4)
fl=(107)
fn=(312)
26 1
fi=(186) /build/glibc-SzIz7B/glibc-2.31/math/../sysdeps/x86_64/fpu/multiarch/ifunc-fma.h
+4 1
-1 1
+1 2
-1 3
fe=(107)
-3 1

fl=(106)
fn=(310)
27 1
fi=(186)
+3 1
-1 1
+1 2
-1 3
fe=(106)
-2 1

fl=(105)
fn=(334)
27 1
fi=(187) /build/glibc-SzIz7B/glibc-2.31/math/../sysdeps/x86_64/fpu/multiarch/ifunc-avx-fma4.h
+6 5
-1 2
fe=(105)
-5 1

fn=(308)
34 1
fi=(187)
-1 5
-1 2
fe=(105)
+2 1

fl=(110)
fn=(318)
27 1
fi=(186)
+3 1
-1 1
+1 2
-1 3
fe=(110)
-2 1

fl=(103)
fn=(304)
27 1
fi=(187)
+6 5
-1 2
fe=(103)
-5 1

fl=(108)
fn=(314)
30 2
fi=(186)
-1 1
+1 2
-1 3
fe=(108)
+1 1

fl=(112)
fn=(328)
27 1
fi=(113) /build/glibc-SzIz7B/glibc-2.31/math/../sysdeps/x86_64/fpu/multiarch/ifunc-fma4.h
+5 5
-1 2
fe=(112)
-4 1

fn=(322)
35 1
fi=(113)
-3 5
-1 2
+4 1
fe=(112)

fl=(126)
fn=(386)
0 12

fl=(115)
fn=(330)
27 1
fi=(186)
+3 1
-1 1
+1 2
-1 3
fe=(115)
-2 1

fl=(111)
fn=(320)
27 1
fi=(187)
+6 5
-1 2
fe=(111)
-5 1

fl=(102)
fn=(302)
26 1
fi=(186)
+4 1
-1 1
+1 2
-1 3
fe=(102)
-3 1

fl=(109)
fn=(316)
27 1
fi=(113)
+5 5
-1 2
fe=(109)
-4 1

fl=(116)
fn=(332)
26 1
fi=(187)
+7 5
-1 2
fe=(116)
-6 1

fl=(104)
fn=(306)
27 1
fi=(186)
+3 1
-1 1
+1 2
-1 3
fe=(104)
-2 1

fl=(114)
fn=(326)
26 1
fi=(186)
+4 1
-1 1
+1 2
-1 3
fe=(114)
-3 1

totals: 2389454
